P_SWITCH_YEAR	P_PFPR	P_TACT	P_TC	FREQ_580Y_2032	PFPR_2032	TFR_10Y
2022	0.1	1	0.5	0.318618	0.00897493	14.93000215
2022	0.1	1	0.5	0.00323625	0.00442192	15.45840993
2022	0.1	1	0.5	0.45631048	0.00177016	15.94219347
2022	0.1	1	0.5	0	0.00184446	15.97855912
2022	0.1	1	0.5	0.00452489	0.00284382	15.71645042
2022	0.1	1	0.5	0.00241546	0.00737791	15.47864436
2022	0.1	1	0.5	0.00310559	0.00538705	14.99884978
2022	0.1	1	0.5	0.09756106	0.00162212	16.03610137
2022	0.1	1	0.5	0.0210084	0.00442551	15.35525288
2022	0.1	1	0.5	0.00869566	0.00372714	15.20804715
2022	0.1	1	0.5	0.0287356	0.002472	15.38277757
2022	0.1	1	0.5	0.01626017	0.00609322	15.41844685
2022	0.1	1	0.5	0.00178253	0.00814814	15.59751921
2022	0.1	1	0.5	0	0.00161969	15.84324234
2022	0.1	1	0.5	0	0.00209884	15.67625832
2022	0.1	1	0.5	0.01706485	0.00427392	15.77390434
2022	0.1	1	0.5	0	0.00303013	15.20811564
2022	0.1	1	0.5	0.0050505	0.00560136	15.06507703
2022	0.1	1	0.5	0.0421687	0.00331275	15.65561508
2022	0.1	1	0.5	0	0.003174	15.865986
2022	0.1	1	0.5	0.0017094	0.00992062	15.42623136
2022	0.1	1	0.5	0.00207039	0.0089014	15.36002636
2022	0.1	1	0.5	0.00829876	0.00401527	15.67452889
2022	0.1	1	0.5	0.01232029	0.00752187	14.84841169
2022	0.1	1	0.5	0.492933	0.00887508	16.46132786
2022	0.1	1	0.5	0	0.000738028	15.24958599
2022	0.1	1	0.5	0	0.0054238	15.56199882
2022	0.1	1	0.5	0.00408163	0.00442518	15.66656813
2022	0.1	1	0.5	0	0.00313312	15.66897597
2022	0.1	1	0.5	0	0.00686998	15.65686222
2022	0.1	1	0.5	0.12317336	0.00842425	15.33754064
2022	0.1	1	0.5	0.00680272	0.00446388	15.84469228
2022	0.1	1	0.5	0.00588236	0.00575508	15.15151515
2022	0.1	1	0.5	0.175824	0.00147684	14.95576111
2022	0.1	1	0.5	0.00719424	0.00478911	15.42844855
2022	0.1	1	0.5	0	0.00328218	15.24197572
2022	0.1	1	0.5	0.0139665	0.00549116	15.73017478
2022	0.1	1	0.5	0.1896552	0.000848204	15.54174453
2022	0.1	1	0.5	0.00934578	0.004758	14.990146
2022	0.1	1	0.5	0.0273973	0.00276795	15.58805851
2022	0.1	1	0.5	0.89344309	0.0158833	17.11129336
2022	0.1	1	0.5	0.00887574	0.00545632	15.23909223
2022	0.1	1	0.5	0	0.00549577	15.07306889
2022	0.1	1	0.5	0	0.00247342	14.62729978
2022	0.1	1	0.5	0.01612907	0.00715992	15.27034828
2022	0.1	1	0.5	0	0.00324574	15.70813943
2022	0.1	1	0.5	0.07727271	0.00339477	15.61161097
2022	0.1	1	0.5	0.00757576	0.00210178	15.76277589
2022	0.1	1	0.5	0.00947868	0.00328731	15.69435637
2022	0.1	1	0.5	0.0148148	0.00195525	16.10110245
2022	0.1	1	0.5	0	0.00589076	15.10107449
2022	0.1	1	0.5	0.01036269	0.00490463	15.57905519
2022	0.1	1	0.5	0.0076923	0.00627357	16.04640131
2022	0.1	1	0.5	0.00595238	0.00306068	15.276989
2022	0.1	1	0.5	0.00716846	0.00515738	15.33102553
2022	0.1	1	0.5	0.0567376	0.00228442	15.24686885
2022	0.1	1	0.5	0.00505051	0.00317281	15.70845622
2022	0.1	1	0.5	0	0.00822049	15.23813073
2022	0.1	1	0.5	0.41208751	0.00261917	15.99095119
2022	0.1	1	0.5	0	0.00535781	15.24452804
2022	0.1	1	0.5	0	0.0042111	15.75777308
2022	0.1	1	0.5	0.007722	0.00353974	15.76129164
2022	0.1	1	0.5	0.010989	0.00125495	15.62398703
2022	0.1	1	0.5	0	0.0020267	15.29034026
2022	0.1	1	0.5	0.00285714	0.011765	15.25839937
2022	0.1	1	0.5	0.00225734	0.00733699	15.35843176
2022	0.1	1	0.5	0.00398406	0.00431196	15.33393097
2022	0.1	1	0.5	0	0.00501981	15.22430725
2022	0.1	1	0.5	0.01805055	0.0101899	15.05680934
2022	0.1	1	0.5	0.00869566	0.00408881	15.42465301
2022	0.1	1	0.5	0.14900626	0.00542936	15.34532792
2022	0.1	1	0.5	0	0.00184448	16.11877663
2022	0.1	1	0.5	0	0.00143822	15.50447563
2022	0.1	1	0.5	0.0435897	0.0059292	15.29808774
2022	0.1	1	0.5	0.00568182	0.00295622	14.83787538
2022	0.1	1	0.5	0.0967741	0.00151406	15.69092021
2022	0.1	1	0.5	0.00200803	0.00971204	15.25958713
2022	0.1	1	0.5	0.00970874	0.002652	15.06294088
2022	0.1	1	0.5	0.05466236	0.00456961	15.3660439
2022	0.1	1	0.5	0.00507614	0.00321103	15.38033019
2022	0.1	1	0.5	0.01486988	0.00394544	15.54034311
2022	0.1	1	0.5	0.03888886	0.00239628	15.39576164
2022	0.1	1	0.5	0.00268097	0.0060749	15.85725147
2022	0.1	1	0.5	0.01977398	0.00623355	15.25417255
2022	0.1	1	0.5	0.01428572	0.00195652	15.35889531
2022	0.1	1	0.5	0.00898203	0.00572426	15.16744383
2022	0.1	1	0.5	0	0.00346539	15.60663993
2022	0.1	1	0.5	0.00831025	0.00597155	15.08105802
2022	0.1	1	0.5	0	0.00711002	14.85389258
2022	0.1	1	0.5	0.00260417	0.00641794	15.60470588
2022	0.1	1	0.5	0.00684932	0.00498649	15.22024984
2022	0.1	1	0.5	0.00170358	0.0110584	14.82386129
2022	0.1	1	0.5	0.00692042	0.00472425	15.07126809
2022	0.1	1	0.5	0	0.00542295	15.49738631
2022	0.1	1	0.5	0.00980392	0.00188109	14.80176568
2022	0.1	1	0.5	0	0.00457641	15.50439117
2022	0.1	1	0.5	0.02152645	0.00772816	15.13477315
2022	0.1	1	0.5	0.21212076	0.00206865	15.46701748
2022	0.1	1	0.5	0.0060423	0.00528218	15.22141897
2022	0.1	1	0.5	0	0.00117953	15.49944895
2023	0.1	1	0.5	0.09768906	0.0163349	15.69629961
2023	0.1	1	0.5	0	0.0103252	17.10197593
2023	0.1	1	0.5	0.00229358	0.00690703	15.44918557
2023	0.1	1	0.5	0.675153	0.0152256	20.88795839
2023	0.1	1	0.5	0.03813559	0.00361091	17.00169354
2023	0.1	1	0.5	0.0373134	0.00494996	15.44746036
2023	0.1	1	0.5	0.00234192	0.00704432	16.83201728
2023	0.1	1	0.5	0.00849257	0.0068564	15.25353855
2023	0.1	1	0.5	0.0195122	0.00295538	16.02024193
2023	0.1	1	0.5	0.00534759	0.00321237	16.58554173
2023	0.1	1	0.5	0.00255102	0.00653437	16.3508392
2023	0.1	1	0.5	0.00766284	0.00372379	15.35097505
2023	0.1	1	0.5	0.00337838	0.00520017	16.42256903
2023	0.1	1	0.5	0.00186567	0.00875512	15.8131928
2023	0.1	1	0.5	0.00419288	0.00786272	15.41490744
2023	0.1	1	0.5	0.557592	0.0133371	21.60732917
2023	0.1	1	0.5	0.00161551	0.00973224	15.05028176
2023	0.1	1	0.5	0.00233645	0.00712394	15.98473536
2023	0.1	1	0.5	0	0.00272968	15.59576494
2023	0.1	1	0.5	0.15625	0.00169849	17.00068769
2023	0.1	1	0.5	0.0168776	0.00874329	16.90608461
2023	0.1	1	0.5	0	0.00354435	15.79839815
2023	0.1	1	0.5	0.00911853	0.00501438	16.11797732
2023	0.1	1	0.5	0	0.00476008	15.61979422
2023	0.1	1	0.5	0.00729927	0.00670762	15.67164179
2023	0.1	1	0.5	0	0.00545832	16.56498873
2023	0.1	1	0.5	0.00539084	0.00699	17.33715228
2023	0.1	1	0.5	0	0.0102539	15.87906348
2023	0.1	1	0.5	0.83501022	0.00730823	19.69659193
2023	0.1	1	0.5	0	0.00457652	17.7702979
2023	0.1	1	0.5	0.00182815	0.00836741	16.02531547
2023	0.1	1	0.5	0.01215804	0.00583186	15.51989371
2023	0.1	1	0.5	0	0.00118211	15.73682377
2023	0.1	1	0.5	0.00578034	0.0050587	16.0815073
2023	0.1	1	0.5	0	0.000996165	17.31965174
2023	0.1	1	0.5	0.00283286	0.00474559	16.37349447
2023	0.1	1	0.5	0.00371747	0.00431636	15.19175455
2023	0.1	1	0.5	0.00806452	0.00147855	15.86830646
2023	0.1	1	0.5	0	0.0100097	16.27049745
2023	0.1	1	0.5	0.00588235	0.00273172	16.03428265
2023	0.1	1	0.5	0.02419356	0.00180852	15.66964286
2023	0.1	1	0.5	0.01410438	0.0113093	15.90873768
2023	0.1	1	0.5	0.002457	0.00634218	16.6467413
2023	0.1	1	0.5	0.5	0.00638767	18.88174779
2023	0.1	1	0.5	0.00729927	0.00999043	16.50776836
2023	0.1	1	0.5	0	0.00523821	15.95964728
2023	0.1	1	0.5	0.0054945	0.00899669	14.91928819
2023	0.1	1	0.5	0.01459854	0.00191825	15.76617139
2023	0.1	1	0.5	0.00584796	0.00548689	16.95459201
2023	0.1	1	0.5	0.0019305	0.00804773	15.38128093
2023	0.1	1	0.5	0.00462963	0.00338898	15.71662572
2023	0.1	1	0.5	0	0.000626595	16.94773227
2023	0.1	1	0.5	0	0.00321588	15.36734789
2023	0.1	1	0.5	0.59701454	0.0106203	20.67677542
2023	0.1	1	0.5	0.00364964	0.00811267	16.90949376
2023	0.1	1	0.5	0.00886917	0.00808244	15.56739862
2023	0.1	1	0.5	0.0038168	0.0081424	15.74292996
2023	0.1	1	0.5	0.17721524	0.0092647	17.70850605
2023	0.1	1	0.5	0.00552486	0.00305448	16.90585912
2023	0.1	1	0.5	0	0.00472289	15.64531335
2023	0.1	1	0.5	0.00297619	0.00505874	15.96418517
2023	0.1	1	0.5	0	0.00568583	16.16794345
2023	0.1	1	0.5	0.03676467	0.00427766	16.20610018
2023	0.1	1	0.5	0	0.00686216	15.25443308
2023	0.1	1	0.5	0.00324675	0.00538736	16.72958736
2023	0.1	1	0.5	0.00473934	0.00697046	16.48623884
2023	0.1	1	0.5	0.23476977	0.0119668	18.47307863
2023	0.1	1	0.5	0.0349162	0.0130533	16.49969686
2023	0.1	1	0.5	0.01538462	0.00246818	15.5396619
2023	0.1	1	0.5	0.00420168	0.00360926	15.32767798
2023	0.1	1	0.5	0.00277008	0.0132389	15.06706941
2023	0.1	1	0.5	0.3570523	0.0115079	19.15996809
2023	0.1	1	0.5	0.00185874	0.00748942	15.62987737
2023	0.1	1	0.5	0.1330169	0.00692868	16.74692033
2023	0.1	1	0.5	0.00164745	0.0102013	16.66969642
2023	0.1	1	0.5	0.00307692	0.00533689	15.2957172
2023	0.1	1	0.5	0	0.00888409	14.73227492
2023	0.1	1	0.5	0.0666667	0.00372625	16.79550955
2023	0.1	1	0.5	0.00421941	0.00350975	15.53522235
2023	0.1	1	0.5	0.04651166	0.00191842	16.29952635
2023	0.1	1	0.5	0.00787402	0.00427985	16.75621222
2023	0.1	1	0.5	0.13076931	0.00180519	16.0752731
2023	0.1	1	0.5	0	0.00250949	16.05299861
2023	0.1	1	0.5	0.00192678	0.00811209	15.80247898
2023	0.1	1	0.5	0.004	0.00464863	15.19716943
2023	0.1	1	0.5	0	0.00859367	15.57682534
2023	0.1	1	0.5	0.74427526	0.0125448	21.63070734
2023	0.1	1	0.5	0	0.0034307	16.02749844
2023	0.1	1	0.5	0.10204078	0.00243276	16.863711
2023	0.1	1	0.5	0	0.00616005	15.80303691
2023	0.1	1	0.5	0.00137174	0.0114831	15.34533074
2023	0.1	1	0.5	0.00381195	0.0128808	15.77808065
2023	0.1	1	0.5	0	0.00567231	15.91707839
2023	0.1	1	0.5	0.01973685	0.00254871	16.52909942
2023	0.1	1	0.5	0.00560224	0.00594022	16.77788004
2023	0.1	1	0.5	0.562284	0.0102049	15.39364992
2023	0.1	1	0.5	0.00190114	0.00925274	15.26190039
2023	0.1	1	0.5	0.0507042	0.00579651	17.68057451
2023	0.1	1	0.5	0.00244499	0.00671176	15.35752025
2023	0.1	1	0.5	0.00369004	0.00446331	16.21679983
2024	0.1	1	0.5	0.0116279	0.00118176	17.13304328
2024	0.1	1	0.5	0.890847896	0.0224828	28.37100546
2024	0.1	1	0.5	0.00265957	0.00641534	16.25638842
2024	0.1	1	0.5	0.0235294	0.00283995	16.459642
2024	0.1	1	0.5	0.01546392	0.00294962	17.87947815
2024	0.1	1	0.5	0.00146413	0.0116832	15.87011669
2024	0.1	1	0.5	0.00366972	0.0100309	16.08336847
2024	0.1	1	0.5	0.0119048	0.00103405	15.38923594
2024	0.1	1	0.5	0.54150979	0.00904025	21.30507976
2024	0.1	1	0.5	0.00403226	0.00421031	18.20359281
2024	0.1	1	0.5	0.013986	0.00512767	16.56104419
2024	0.1	1	0.5	0.00858369	0.00782283	17.39369099
2024	0.1	1	0.5	0.00398406	0.00358074	16.71140654
2024	0.1	1	0.5	0.00473934	0.0031351	16.49039055
2024	0.1	1	0.5	0.02272728	0.00265535	16.84431589
2024	0.1	1	0.5	0.846683879	0.0259013	29.36844706
2024	0.1	1	0.5	0	0.00125491	16.54106029
2024	0.1	1	0.5	0.01033059	0.00799805	15.95857797
2024	0.1	1	0.5	0.026178	0.00291183	16.36786337
2024	0.1	1	0.5	0.149068	0.00545964	15.7338363
2024	0.1	1	0.5	0	0.00682725	17.1253254
2024	0.1	1	0.5	0.00985222	0.0036135	16.43477528
2024	0.1	1	0.5	0.00193798	0.00828117	16.70801424
2024	0.1	1	0.5	0	0.00504459	16.14180652
2024	0.1	1	0.5	0	0.0113929	15.95414865
2024	0.1	1	0.5	0.02185786	0.00929231	15.77586835
2024	0.1	1	0.5	0.0115607	0.00608632	17.31393633
2024	0.1	1	0.5	0.00302115	0.00568856	16.32036576
2024	0.1	1	0.5	0	0.00320773	15.95817231
2024	0.1	1	0.5	0	0.00243204	16.38668229
2024	0.1	1	0.5	0	0.00180782	17.22700026
2024	0.1	1	0.5	0.03536344	0.00868534	15.13378611
2024	0.1	1	0.5	0.00441177	0.0107792	16.91202533
2024	0.1	1	0.5	0.00429185	0.00365438	17.90984598
2024	0.1	1	0.5	0.00664452	0.00467899	16.88555347
2024	0.1	1	0.5	0.00187617	0.00852526	16.76674232
2024	0.1	1	0.5	0.00397614	0.0074483	15.36143415
2024	0.1	1	0.5	0.00403226	0.00394335	15.90766407
2024	0.1	1	0.5	0.00507614	0.00601678	16.64441652
2024	0.1	1	0.5	0	0.00103249	17.47100387
2024	0.1	1	0.5	0.851571964	0.0285509	27.43556268
2024	0.1	1	0.5	0.00239808	0.00678813	16.40734402
2024	0.1	1	0.5	0.00555556	0.0063399	16.36844184
2024	0.1	1	0.5	0.00487804	0.0064854	16.27150324
2024	0.1	1	0.5	0	0.00435223	17.22640969
2024	0.1	1	0.5	0.00187617	0.00866904	17.58754864
2024	0.1	1	0.5	0.00671142	0.00692177	15.52178771
2024	0.1	1	0.5	0.00268817	0.00556874	16.01522843
2024	0.1	1	0.5	0.00995024	0.00594148	16.11830436
2024	0.1	1	0.5	0.00265252	0.00631502	15.93238626
2024	0.1	1	0.5	0.0050505	0.00646147	18.37120573
2024	0.1	1	0.5	0.00314465	0.00490871	15.83971107
2024	0.1	1	0.5	0.00156986	0.0100823	17.32115086
2024	0.1	1	0.5	0.00666667	0.00273424	16.81010464
2024	0.1	1	0.5	0.00497512	0.00660214	16.68338684
2024	0.1	1	0.5	0.0083799	0.00590002	15.63174946
2024	0.1	1	0.5	0.00162338	0.0107102	17.94547168
2024	0.1	1	0.5	0.00185185	0.00900346	15.94046373
2024	0.1	1	0.5	0.01107011	0.00379922	16.18023331
2024	0.1	1	0.5	0.02064218	0.00708109	15.80873854
2024	0.1	1	0.5	0.130435	0.00441943	17.84345417
2024	0.1	1	0.5	0.3353581	0.0138797	21.77192945
2024	0.1	1	0.5	0.02479334	0.0135761	16.71684732
2024	0.1	1	0.5	0	0.00645816	17.37156942
2024	0.1	1	0.5	0.03333332	0.00700711	16.77611418
2024	0.1	1	0.5	0.0225564	0.00424033	16.90258118
2024	0.1	1	0.5	0.00970874	0.00125466	17.09692746
2024	0.1	1	0.5	0.390029	0.010284	18.94708309
2024	0.1	1	0.5	0.00172712	0.00863204	17.00192525
2024	0.1	1	0.5	0.08764942	0.00431927	16.82796761
2024	0.1	1	0.5	0	0.0021762	16.98853349
2024	0.1	1	0.5	0.00487804	0.00661499	18.37538629
2024	0.1	1	0.5	0.00401606	0.00797035	16.41235442
2024	0.1	1	0.5	0	0.00679578	17.26712491
2024	0.1	1	0.5	0	0.00401397	16.19982674
2024	0.1	1	0.5	0.00978474	0.0076219	16.52358122
2024	0.1	1	0.5	0.00265252	0.00564398	17.29937683
2024	0.1	1	0.5	0.18473906	0.00417061	19.18506593
2024	0.1	1	0.5	0	0.00752809	16.46079945
2024	0.1	1	0.5	0.00294118	0.00542667	15.68700229
2024	0.1	1	0.5	0.00864552	0.00582905	16.97977312
2024	0.1	1	0.5	0.00315956	0.0107119	16.40632054
2024	0.1	1	0.5	0.00140056	0.0122201	16.41133539
2024	0.1	1	0.5	0.01020408	0.00328159	15.19869078
2024	0.1	1	0.5	0.00289855	0.00572393	16.40548316
2024	0.1	1	0.5	0.04776117	0.00537668	16.86036036
2024	0.1	1	0.5	0.00529101	0.00299254	16.94578484
2024	0.1	1	0.5	0.08888891	0.00210456	17.00642136
2024	0.1	1	0.5	0.02621722	0.0046881	17.19382472
2024	0.1	1	0.5	0.53763434	0.00261724	18.80353626
2024	0.1	1	0.5	0.11041	0.00528309	17.35668264
2024	0.1	1	0.5	0.00497512	0.00641121	16.2203755
2024	0.1	1	0.5	0.37075697	0.00571409	16.98065092
2024	0.1	1	0.5	0.00181488	0.00890993	18.13173734
2024	0.1	1	0.5	0.25000022	0.00254035	16.86072218
2024	0.1	1	0.5	0	0.00656423	16.60277594
2024	0.1	1	0.5	0.00131406	0.0133159	16.31678841
2024	0.1	1	0.5	0.00401606	0.00482475	15.86094944
2024	0.1	1	0.5	0.00348432	0.00486464	16.80848628
2024	0.1	1	0.5	0.00220264	0.00776474	15.93920358
2025	0.1	1	0.5	0.0265487	0.00442622	18.24835326
2025	0.1	1	0.5	0.0488599	0.00435423	16.50103131
2025	0.1	1	0.5	0.00923076	0.00579051	17.36480309
2025	0.1	1	0.5	0.0268657	0.00434745	16.7180071
2025	0.1	1	0.5	0.00666667	0.00206775	16.06671249
2025	0.1	1	0.5	0.999531162	0.0343481	32.84592393
2025	0.1	1	0.5	0.10555578	0.00611614	19.75230677
2025	0.1	1	0.5	0.00192678	0.00862484	17.88659984
2025	0.1	1	0.5	0.0052356	0.00306123	17.36207886
2025	0.1	1	0.5	0.00157978	0.00856017	19.02068846
2025	0.1	1	0.5	0.00453514	0.00644078	16.65555704
2025	0.1	1	0.5	0	0.0071217	16.9810373
2025	0.1	1	0.5	0.00684932	0.0034339	16.21144698
2025	0.1	1	0.5	0.00847458	0.00202491	16.71309192
2025	0.1	1	0.5	0.0013986	0.0114579	16.84742237
2025	0.1	1	0.5	0.0041841	0.00719959	15.97872418
2025	0.1	1	0.5	0.01304349	0.00394811	16.43901966
2025	0.1	1	0.5	0	0.0083381	16.77563452
2025	0.1	1	0.5	0.00692042	0.00452539	16.67316608
2025	0.1	1	0.5	0.00127226	0.0145154	19.54913538
2025	0.1	1	0.5	0.01069518	0.00298942	15.60184466
2025	0.1	1	0.5	0	0.0116954	17.08157335
2025	0.1	1	0.5	0.00194553	0.00861204	17.33057713
2025	0.1	1	0.5	0	0.000331109	18.70497807
2025	0.1	1	0.5	0.03	0.00132686	16.93741297
2025	0.1	1	0.5	0	0.00173296	17.02180173
2025	0.1	1	0.5	0.09417041	0.0043523	16.70187747
2025	0.1	1	0.5	0.0138169	0.00928441	17.75418561
2025	0.1	1	0.5	0.00458716	0.00335364	16.89677011
2025	0.1	1	0.5	0.010395	0.00860059	17.58284463
2025	0.1	1	0.5	0.28264782	0.00910904	18.6663776
2025	0.1	1	0.5	0.00194175	0.00919202	15.45604024
2025	0.1	1	0.5	0.00911854	0.00567757	18.62218636
2025	0.1	1	0.5	0.0111421	0.00601193	16.30284609
2025	0.1	1	0.5	0.00447428	0.00762168	15.65889054
2025	0.1	1	0.5	0.00852273	0.00593928	17.10806795
2025	0.1	1	0.5	0.03846156	0.00552966	17.88860234
2025	0.1	1	0.5	0.01520912	0.00372243	17.37160121
2025	0.1	1	0.5	0.0555556	0.0122082	15.78287726
2025	0.1	1	0.5	0.00417536	0.00825527	19.86545311
2025	0.1	1	0.5	0	0.0087358	17.28699056
2025	0.1	1	0.5	0.04570184	0.0140292	15.51397787
2025	0.1	1	0.5	0	0.0056402	17.22565355
2025	0.1	1	0.5	0.06398536	0.00799887	16.93363144
2025	0.1	1	0.5	0.00531914	0.00594253	17.13616689
2025	0.1	1	0.5	0	0.00357409	16.54993515
2025	0.1	1	0.5	0.0025974	0.00722927	16.89675062
2025	0.1	1	0.5	0	0.0103291	15.52153575
2025	0.1	1	0.5	0.00719424	0.00590844	16.23852228
2025	0.1	1	0.5	0	0.00195074	16.10381288
2025	0.1	1	0.5	0.935057034	0.0256654	30.0375649
2025	0.1	1	0.5	0.00804291	0.00649304	16.01586754
2025	0.1	1	0.5	0.33574518	0.0118547	19.44169563
2025	0.1	1	0.5	0.258741	0.00638473	18.3805719
2025	0.1	1	0.5	0	0.00871043	17.14454785
2025	0.1	1	0.5	0.04588608	0.0101736	18.62379621
2025	0.1	1	0.5	0	0.00792479	17.80005316
2025	0.1	1	0.5	0.07835047	0.00900179	16.79164623
2025	0.1	1	0.5	0	0.00992677	17.82299155
2025	0.1	1	0.5	0.00212314	0.0084293	15.48193059
2025	0.1	1	0.5	0.0083799	0.00631132	15.79558218
2025	0.1	1	0.5	0	0.00273388	16.5410732
2025	0.1	1	0.5	0	0.00339421	17.24613486
2025	0.1	1	0.5	0.00235018	0.0144997	16.84008486
2025	0.1	1	0.5	0.10019644	0.00840933	16.77203971
2025	0.1	1	0.5	0.709615	0.00858316	21.31808607
2025	0.1	1	0.5	0	0.0068918	17.67314702
2025	0.1	1	0.5	0.00296296	0.0107363	15.97846184
2025	0.1	1	0.5	0	0.0027294	16.65085389
2025	0.1	1	0.5	0	0.00202802	17.52440453
2025	0.1	1	0.5	0.00990099	0.00539109	18.0157135
2025	0.1	1	0.5	0.10000003	0.00593686	16.21250735
2025	0.1	1	0.5	0.5125289	0.0141205	22.94525393
2025	0.1	1	0.5	0.0126316	0.00806687	18.26634904
2025	0.1	1	0.5	0.00160514	0.0108463	15.40528919
2025	0.1	1	0.5	0	0.00639022	17.7890508
2025	0.1	1	0.5	0	0.0044574	15.98770852
2025	0.1	1	0.5	0	0.00607563	15.75816761
2025	0.1	1	0.5	0	0.00173519	16.05191583
2025	0.1	1	0.5	0.200647	0.00520575	16.21267211
2025	0.1	1	0.5	0.04090906	0.0077134	18.71040262
2025	0.1	1	0.5	0.00247525	0.00697493	17.47962047
2025	0.1	1	0.5	0.0041841	0.00781975	17.43636139
2025	0.1	1	0.5	0.380048	0.0134248	18.71145038
2025	0.1	1	0.5	0.00315456	0.0164319	16.94769263
2025	0.1	1	0.5	0	0.00258367	15.77390386
2025	0.1	1	0.5	0.00343643	0.0052682	17.71363894
2025	0.1	1	0.5	0.00268096	0.012403	15.65313755
2025	0.1	1	0.5	0.0031348	0.0100243	16.70357079
2025	0.1	1	0.5	0	0.0105752	16.73410922
2025	0.1	1	0.5	0.0060698	0.00992427	15.65769984
2025	0.1	1	0.5	0.2363638	0.00611954	16.83272658
2025	0.1	1	0.5	0.01538462	0.00228728	16.54284817
2025	0.1	1	0.5	0.00103306	0.0167092	17.07163968
2025	0.1	1	0.5	0.51162774	0.00692611	18.08828895
2025	0.1	1	0.5	0.03676468	0.00641208	19.05966628
2025	0.1	1	0.5	0.00193798	0.00807499	16.82819383
2025	0.1	1	0.5	0.00617284	0.00239596	16.18752449
2025	0.1	1	0.5	0.00248756	0.00600167	16.44726701
2025	0.1	1	0.5	0.00248138	0.0134324	17.11048454
2026	0.1	1	0.5	0.08416832	0.0081567	17.16326531
2026	0.1	1	0.5	0.32864463	0.0125684	20.13696132
2026	0.1	1	0.5	0.00168067	0.0088889	17.58684049
2026	0.1	1	0.5	0.0014881	0.0105198	17.58015974
2026	0.1	1	0.5	0	0.00682375	16.16105562
2026	0.1	1	0.5	0	0.00114457	17.30698866
2026	0.1	1	0.5	0.02106965	0.0104332	18.36369659
2026	0.1	1	0.5	0.4601574	0.0127272	18.67747694
2026	0.1	1	0.5	0.23441703	0.0118795	17.42431062
2026	0.1	1	0.5	0.00548445	0.00940956	19.41319909
2026	0.1	1	0.5	0.00178253	0.00935651	17.24913754
2026	0.1	1	0.5	0.00169492	0.0112474	15.75838814
2026	0.1	1	0.5	0.01863358	0.00497083	17.14971317
2026	0.1	1	0.5	0	0.0168799	17.91901981
2026	0.1	1	0.5	0.00224719	0.00715284	18.74623811
2026	0.1	1	0.5	0	0.00598819	15.59188013
2026	0.1	1	0.5	0	0.00424096	17.76246692
2026	0.1	1	0.5	0.09986319	0.0123289	18.58255556
2026	0.1	1	0.5	0.00428266	0.00716767	18.92152302
2026	0.1	1	0.5	0.00260078	0.0124655	15.76451349
2026	0.1	1	0.5	0.00453172	0.0103033	15.90454135
2026	0.1	1	0.5	0.00630252	0.00816653	16.40108822
2026	0.1	1	0.5	0	0.0114604	17.16080252
2026	0.1	1	0.5	0.59367378	0.00557411	17.27615326
2026	0.1	1	0.5	0.12927782	0.00930555	16.98068046
2026	0.1	1	0.5	0.01932372	0.0114288	16.89085847
2026	0.1	1	0.5	0.19849288	0.0137715	19.38381688
2026	0.1	1	0.5	0	0.00423691	16.30402605
2026	0.1	1	0.5	0.00444444	0.00354166	16.61315551
2026	0.1	1	0.5	0.00323625	0.00538214	17.13847272
2026	0.1	1	0.5	0.134677904	0.0203007	19.64114924
2026	0.1	1	0.5	0.264408	0.0165422	19.02116524
2026	0.1	1	0.5	0.00787401	0.00749319	17.89369639
2026	0.1	1	0.5	0.0167224	0.0043172	17.75771827
2026	0.1	1	0.5	0.00158479	0.010512	19.18726924
2026	0.1	1	0.5	0.0046083	0.00749086	17.73521456
2026	0.1	1	0.5	0.00110132	0.0148213	15.59543604
2026	0.1	1	0.5	0.00374532	0.00376681	17.82024623
2026	0.1	1	0.5	0.879510573	0.0392361	27.28598387
2026	0.1	1	0.5	0	0.000442311	16.66927941
2026	0.1	1	0.5	0	0.00991377	16.90754687
2026	0.1	1	0.5	0.00165563	0.0097528	20.0217091
2026	0.1	1	0.5	0.519793	0.00977222	19.39956595
2026	0.1	1	0.5	0.0025	0.0060824	16.85859921
2026	0.1	1	0.5	0	0.00701037	16.64804132
2026	0.1	1	0.5	0.00958467	0.00520988	17.64159271
2026	0.1	1	0.5	0.000897666	0.0179563	19.20532722
2026	0.1	1	0.5	0	0.0202112	17.94000612
2026	0.1	1	0.5	0	0.00802844	18.8507145
2026	0.1	1	0.5	0	0.0162275	15.90781937
2026	0.1	1	0.5	0	0.00656243	17.73781384
2026	0.1	1	0.5	0.748722	0.0192653	22.23991235
2026	0.1	1	0.5	0.01271187	0.00468229	16.35232586
2026	0.1	1	0.5	0.18599046	0.00604769	17.26952384
2026	0.1	1	0.5	0	0.0041369	17.99740578
2026	0.1	1	0.5	0.00179856	0.0090968	18.33672843
2026	0.1	1	0.5	0.0043384	0.00747479	16.5364684
2026	0.1	1	0.5	0.00134771	0.0124568	18.25630252
2026	0.1	1	0.5	0.3031743	0.0112608	17.18195489
2026	0.1	1	0.5	0	0.00343272	16.94303551
2026	0.1	1	0.5	0.00711744	0.00476354	16.2906622
2026	0.1	1	0.5	0	0.00815982	16.46916388
2026	0.1	1	0.5	0	0.0012537	17.36502104
2026	0.1	1	0.5	0.00877192	0.0037256	17.62243428
2026	0.1	1	0.5	0.00287356	0.00513018	16.59919028
2026	0.1	1	0.5	0.143357	0.00453999	16.37748183
2026	0.1	1	0.5	0.01094091	0.00796815	17.37936589
2026	0.1	1	0.5	0.00183824	0.0094396	16.2092706
2026	0.1	1	0.5	0.109571631	0.0196543	19.94781035
2026	0.1	1	0.5	0.00446429	0.00353953	17.62011451
2026	0.1	1	0.5	0	0.00383633	16.98417957
2026	0.1	1	0.5	0.87989233	0.0107612	22.51238083
2026	0.1	1	0.5	0	0.0022458	16.87656642
2026	0.1	1	0.5	0.00239234	0.00762624	17.65184002
2026	0.1	1	0.5	0	0.00129136	16.60315444
2026	0.1	1	0.5	0.00182482	0.00930115	16.61228712
2026	0.1	1	0.5	0.0246914	0.00718529	16.43006263
2026	0.1	1	0.5	0.04358351	0.00607924	16.60909091
2026	0.1	1	0.5	0.00103627	0.0156945	21.63729809
2026	0.1	1	0.5	0.00265604	0.0131951	18.24046709
2026	0.1	1	0.5	0.00804291	0.00644973	18.73512211
2026	0.1	1	0.5	0.64209209	0.0342889	22.26202369
2026	0.1	1	0.5	0	0.00620806	17.07599156
2026	0.1	1	0.5	0	0.00505496	16.41122165
2026	0.1	1	0.5	0	0.00813083	19.32591825
2026	0.1	1	0.5	0.0119565	0.0150751	16.77912608
2026	0.1	1	0.5	0	0.00549041	16.48078555
2026	0.1	1	0.5	0.00197239	0.00685665	17.64536649
2026	0.1	1	0.5	0.189759	0.0053113	18.87368606
2026	0.1	1	0.5	0	0.0107371	16.66666667
2026	0.1	1	0.5	0.08938549	0.00251049	17.62732135
2026	0.1	1	0.5	0	0.00494356	19.1233676
2026	0.1	1	0.5	0	0.00332259	16.16569346
2026	0.1	1	0.5	0.01183432	0.00265454	16.03499628
2026	0.1	1	0.5	0.40514372	0.00442495	18.05178129
2026	0.1	1	0.5	0.058776153	0.0208788	17.98758218
2026	0.1	1	0.5	0.870479164	0.0407562	28.59182967
2026	0.1	1	0.5	0.00638298	0.00682099	16.8734372
2026	0.1	1	0.5	0	0.0131103	17.13528876
2026	0.1	1	0.5	0.07029474	0.00640702	17.17229771
2027	0.1	1	0.5	0.05405401	0.00313469	16.68179128
2027	0.1	1	0.5	0.605646165	0.025795	22.57949268
2027	0.1	1	0.5	0.00243309	0.00686268	16.3665075
2027	0.1	1	0.5	0.00316456	0.00399036	17.07851852
2027	0.1	1	0.5	0.0838323	0.0100574	19.3271728
2027	0.1	1	0.5	0.42567535	0.0126348	19.67915181
2027	0.1	1	0.5	0.00722022	0.00434753	16.28414478
2027	0.1	1	0.5	0.073501	0.00815748	19.70800704
2027	0.1	1	0.5	0	0.00548752	18.08202739
2027	0.1	1	0.5	0.283393527	0.0168617	21.41823141
2027	0.1	1	0.5	0	0.00833869	18.91843381
2027	0.1	1	0.5	0.31158264	0.0106595	17.9471524
2027	0.1	1	0.5	0.00177305	0.00952487	18.2709615
2027	0.1	1	0.5	0.66149752	0.0142535	20.25593191
2027	0.1	1	0.5	0.01304348	0.00405332	16.34943437
2027	0.1	1	0.5	0.638703159	0.0169399	22.3483085
2027	0.1	1	0.5	0.00556587	0.00837254	17.20433774
2027	0.1	1	0.5	0.00149925	0.0119482	18.06283419
2027	0.1	1	0.5	0.0188679	0.00416171	17.04327673
2027	0.1	1	0.5	0	0.00734085	17.7647364
2027	0.1	1	0.5	0.693189379	0.0246899	23.03779723
2027	0.1	1	0.5	0.02586208	0.0039879	18.14013637
2027	0.1	1	0.5	0.00395256	0.00931722	17.26127158
2027	0.1	1	0.5	0.00371058	0.00834663	19.05816231
2027	0.1	1	0.5	0.01142858	0.00221569	17.05238499
2027	0.1	1	0.5	0.00170068	0.0092869	17.58914236
2027	0.1	1	0.5	0.0184697	0.00524027	15.93202117
2027	0.1	1	0.5	0.18970206	0.00556455	19.00510673
2027	0.1	1	0.5	0.00289855	0.00516092	18.26235579
2027	0.1	1	0.5	0.068666132	0.0193326	19.90206209
2027	0.1	1	0.5	0.000786782	0.0202241	21.20750773
2027	0.1	1	0.5	0.19851539	0.00820431	18.24700247
2027	0.1	1	0.5	0.04166667	0.00346204	17.22526106
2027	0.1	1	0.5	0.00232018	0.012932	17.51192154
2027	0.1	1	0.5	0.00269542	0.00597765	16.48755325
2027	0.1	1	0.5	0.04044122	0.00890931	20.70814918
2027	0.1	1	0.5	0.0140056	0.0112935	18.66068108
2027	0.1	1	0.5	0.00410678	0.00710676	17.4413596
2027	0.1	1	0.5	0.797558	0.0124775	20.46336236
2027	0.1	1	0.5	0.00224972	0.015554	18.73782796
2027	0.1	1	0.5	0.12229435	0.0150833	16.85591346
2027	0.1	1	0.5	0.28552156	0.0174816	19.12213663
2027	0.1	1	0.5	0.27618641	0.015811	21.29440807
2027	0.1	1	0.5	0.00759494	0.00608276	17.86551557
2027	0.1	1	0.5	0.553459436	0.0240948	21.18096357
2027	0.1	1	0.5	0.586870164	0.0275272	23.47714233
2027	0.1	1	0.5	0.30701796	0.00763555	17.94636879
2027	0.1	1	0.5	0.53529934	0.0197864	19.57265165
2027	0.1	1	0.5	0.005763685	0.0167042	18.55502204
2027	0.1	1	0.5	0.15547735	0.0093628	19.5806335
2027	0.1	1	0.5	0.16174442	0.011772	19.94827029
2027	0.1	1	0.5	0.00243309	0.00670509	19.22956467
2027	0.1	1	0.5	0.0412844	0.011751	15.98806298
2027	0.1	1	0.5	0.00862068	0.00394095	15.97258282
2027	0.1	1	0.5	0.995139301	0.0713265	35.86533782
2027	0.1	1	0.5	0.03030308	0.0111488	16.43153824
2027	0.1	1	0.5	0.00630914	0.00512157	18.45201492
2027	0.1	1	0.5	0.3446891	0.00708443	19.01186974
2027	0.1	1	0.5	0	0.0106312	17.18384531
2027	0.1	1	0.5	0	0.00626807	16.30091538
2027	0.1	1	0.5	0.02476782	0.0169719	19.09732969
2027	0.1	1	0.5	0	0.00788728	17.47242101
2027	0.1	1	0.5	0.22544331	0.00885619	21.45039354
2027	0.1	1	0.5	0.0608696	0.00184452	18.03642122
2027	0.1	1	0.5	0	0.00132944	16.6026971
2027	0.1	1	0.5	0.0197368	0.00228336	19.72623867
2027	0.1	1	0.5	0.00229886	0.0139822	18.53807279
2027	0.1	1	0.5	0.00396825	0.00752855	16.61651376
2027	0.1	1	0.5	0.176105028	0.0232674	21.09860767
2027	0.1	1	0.5	0	0.0182842	17.46608527
2027	0.1	1	0.5	0.37148983	0.00814455	18.49517608
2027	0.1	1	0.5	0	0.00820774	19.42582294
2027	0.1	1	0.5	0.00290698	0.00531952	17.14525452
2027	0.1	1	0.5	0.00613497	0.00796122	17.58311543
2027	0.1	1	0.5	0.00153139	0.0101108	17.93375112
2027	0.1	1	0.5	0.96380621	0.0776911	38.27443558
2027	0.1	1	0.5	0.277193	0.00856014	19.39136589
2027	0.1	1	0.5	0.16935461	0.00969736	16.62697279
2027	0.1	1	0.5	0.3117549	0.0106287	20.13266404
2027	0.1	1	0.5	0.02020201	0.00711958	20.47347367
2027	0.1	1	0.5	0.00387597	0.00354581	15.64997077
2027	0.1	1	0.5	0.780408749	0.0456291	23.81930943
2027	0.1	1	0.5	0.13461558	0.0114387	18.87560868
2027	0.1	1	0.5	0.03017234	0.0039119	17.31556485
2027	0.1	1	0.5	0.009531373	0.020479	20.32534478
2027	0.1	1	0.5	0.00234192	0.0148126	17.45366977
2027	0.1	1	0.5	0.005300352	0.0181122	19.13223292
2027	0.1	1	0.5	0.0021978	0.00648578	18.84668171
2027	0.1	1	0.5	0.0034662	0.0100165	17.55796071
2027	0.1	1	0.5	0.00189036	0.0191557	17.65488407
2027	0.1	1	0.5	0.00378788	0.00379202	16.60714286
2027	0.1	1	0.5	0	0.00487008	16.79532563
2027	0.1	1	0.5	0	0.0122042	17.25280795
2027	0.1	1	0.5	0.81028797	0.0515909	26.14645765
2027	0.1	1	0.5	0.969983152	0.0623	26.65919421
2027	0.1	1	0.5	0.1133004	0.00609627	18.02086627
2027	0.1	1	0.5	0.00936768	0.00755504	17.56207999
2027	0.1	1	0.5	0.00161812	0.0109076	16.32172253
2027	0.1	1	0.5	0.00173913	0.00959736	17.77683376
2027	0.1	1	0.5	0.02752295	0.00992204	18.93058682
2022	0.1	2	0.5	0	0	15.54828151
2022	0.1	2	0.5	0.10256406	0.0051548	14.68707367
2022	0.1	2	0.5	0	0.00398278	15.62594841
2022	0.1	2	0.5	0.0252525	0.00608535	15.19236374
2022	0.1	2	0.5	0	0.00387626	14.84343063
2022	0.1	2	0.5	0	0.00730611	15.07528111
2022	0.1	2	0.5	0.0126582	0.00099562	14.71793691
2022	0.1	2	0.5	0	0.00852216	15.62008224
2022	0.1	2	0.5	0.0077821	0.00358157	14.51825058
2022	0.1	2	0.5	0.01287554	0.00383453	14.87966995
2022	0.1	2	0.5	0.00617284	0.00251084	15.31596091
2022	0.1	2	0.5	0.02056559	0.0056046	14.87820026
2022	0.1	2	0.5	0	0.00553496	15.03516519
2022	0.1	2	0.5	0.50203666	0.0147105	16.09965782
2022	0.1	2	0.5	0.0115942	0.0061321	15.20801233
2022	0.1	2	0.5	0	0.00586555	15.69284569
2022	0.1	2	0.5	0.00239808	0.0130293	15.07348044
2022	0.1	2	0.5	0.00371058	0.00937592	15.50124396
2022	0.1	2	0.5	0.05985031	0.00641904	15.29269603
2022	0.1	2	0.5	0.616794158	0.0213564	17.87851403
2022	0.1	2	0.5	0.00278552	0.00663145	16.26937898
2022	0.1	2	0.5	0.00497512	0.00320327	14.58206963
2022	0.1	2	0.5	0	0.00265578	15.55390127
2022	0.1	2	0.5	0.008658	0.00372438	15.56831228
2022	0.1	2	0.5	0	0.00210193	14.93494068
2022	0.1	2	0.5	0.00309598	0.00567811	14.48629675
2022	0.1	2	0.5	0	0.00125392	15.02446513
2022	0.1	2	0.5	0.18981489	0.00339322	15.83915053
2022	0.1	2	0.5	0.04280826	0.00953322	15.95796916
2022	0.1	2	0.5	0.002331	0.00764078	16.13676769
2022	0.1	2	0.5	0.00561798	0.00316841	15.30653132
2022	0.1	2	0.5	0.00478469	0.00287504	14.79896114
2022	0.1	2	0.5	0.969200071	0.0452709	20.60304641
2022	0.1	2	0.5	0	0.00546177	15.70573708
2022	0.1	2	0.5	0.1316726	0.00464971	15.12596707
2022	0.1	2	0.5	0.04803492	0.00768018	15.92822489
2022	0.1	2	0.5	0	0.0028776	15.18771331
2022	0.1	2	0.5	0	0.0117993	14.34847385
2022	0.1	2	0.5	0.00682594	0.00397704	15.2046518
2022	0.1	2	0.5	0.00182482	0.00840763	15.57982653
2022	0.1	2	0.5	0	0.00758368	14.2350401
2022	0.1	2	0.5	0.00442478	0.00376379	15.01213154
2022	0.1	2	0.5	0.0235294	0.000884053	15.31085257
2022	0.1	2	0.5	0.0012285	0.0130179	16.00388242
2022	0.1	2	0.5	0	0.00541204	14.99141214
2022	0.1	2	0.5	0.00206186	0.00729686	14.6658856
2022	0.1	2	0.5	0.12175602	0.00819933	15.0055371
2022	0.1	2	0.5	0.998706696	0.0635325	22.56747392
2022	0.1	2	0.5	0	0.00809041	14.29473137
2022	0.1	2	0.5	0.00609756	0.00446981	14.51523031
2022	0.1	2	0.5	0.00425532	0.0078868	14.46693892
2022	0.1	2	0.5	0.00535714	0.00940555	15.48361311
2022	0.1	2	0.5	0	0.0126385	14.58541829
2022	0.1	2	0.5	0.00396825	0.00420139	15.38461538
2022	0.1	2	0.5	0.07608691	0.00730761	14.84760522
2022	0.1	2	0.5	0.00151057	0.0107161	14.99643482
2022	0.1	2	0.5	0.00102145	0.0172591	14.60519461
2022	0.1	2	0.5	0	0.00494108	15.26767394
2022	0.1	2	0.5	0.00914634	0.00560669	15.89224448
2022	0.1	2	0.5	0.930164276	0.0472285	21.45143555
2022	0.1	2	0.5	0.04566213	0.00755746	14.81872866
2022	0.1	2	0.5	0.03260868	0.00612245	15.54890717
2022	0.1	2	0.5	0.0095238	0.00339435	14.52864231
2022	0.1	2	0.5	0.00824175	0.00582396	15.47739826
2022	0.1	2	0.5	0.00155521	0.010864	15.32336018
2022	0.1	2	0.5	0.01072961	0.00640862	14.87975308
2022	0.1	2	0.5	0.00759494	0.00693167	15.10537943
2022	0.1	2	0.5	0	0.00317486	15.51601784
2022	0.1	2	0.5	0.51428601	0.00992239	14.57603364
2022	0.1	2	0.5	0.00757576	0.0043456	15.57950066
2022	0.1	2	0.5	0.937953624	0.0209444	18.31771741
2022	0.1	2	0.5	0.00277778	0.00585972	15.44488712
2022	0.1	2	0.5	0.00821918	0.00608815	14.83966295
2022	0.1	2	0.5	0.00540541	0.00350242	14.43498452
2022	0.1	2	0.5	0.00653595	0.00184388	16.13663133
2022	0.1	2	0.5	0.59370923	0.0125346	15.78577288
2022	0.1	2	0.5	0.113852	0.00819481	15.00020874
2022	0.1	2	0.5	0	0.0034586	15.33565824
2022	0.1	2	0.5	0.99973624	0.0577273	23.29793831
2022	0.1	2	0.5	0.10666669	0.00402942	15.14022009
2022	0.1	2	0.5	0	0.00656087	14.88340466
2022	0.1	2	0.5	0.02000001	0.00232516	15.58172565
2022	0.1	2	0.5	0.41911748	0.00903617	16.81206421
2022	0.1	2	0.5	0.003125	0.00531774	14.83439707
2022	0.1	2	0.5	0	0.00346044	15.56983931
2022	0.1	2	0.5	0.03205126	0.00202676	16.07414001
2022	0.1	2	0.5	0	0.00625733	15.18260318
2022	0.1	2	0.5	0.00485437	0.00357643	15.01829471
2022	0.1	2	0.5	0	0.00952199	14.36427103
2022	0.1	2	0.5	0.00961538	0.00394425	15.41235255
2022	0.1	2	0.5	0	0.00505102	14.73023383
2022	0.1	2	0.5	0.01960784	0.00324741	15.00285769
2022	0.1	2	0.5	0.01167315	0.00383519	15.92206751
2022	0.1	2	0.5	0.07207204	0.00165812	14.41003189
2022	0.1	2	0.5	0.0116959	0.00279926	14.87559555
2022	0.1	2	0.5	0.29787192	0.0131455	15.49504543
2022	0.1	2	0.5	0.03810978	0.0107724	14.83673753
2022	0.1	2	0.5	0.02140671	0.00519691	14.69137288
2022	0.1	2	0.5	0.00151745	0.0102152	15.34706769
2022	0.1	2	0.5	0.00266667	0.00748841	14.77659684
2023	0.1	2	0.5	0	0.0140996	15.33129245
2023	0.1	2	0.5	0.01013514	0.00413058	15.64552804
2023	0.1	2	0.5	0.00224215	0.00670043	15.90441206
2023	0.1	2	0.5	0.992313272	0.0712258	25.03141155
2023	0.1	2	0.5	0.00357143	0.0049384	16.25773994
2023	0.1	2	0.5	0.05	0.000627344	16.38110073
2023	0.1	2	0.5	0.0395604	0.00764004	16.8950058
2023	0.1	2	0.5	0	0.00686461	15.21312233
2023	0.1	2	0.5	0.07204613	0.0114796	16.44142637
2023	0.1	2	0.5	0.00917431	0.00165836	16.07474531
2023	0.1	2	0.5	0.00884956	0.00361568	15.34631258
2023	0.1	2	0.5	0.00269542	0.00534549	16.65603303
2023	0.1	2	0.5	0.00689655	0.00624443	16.43831105
2023	0.1	2	0.5	0.01506594	0.00845342	16.83220073
2023	0.1	2	0.5	0.00325732	0.00866498	15.40410932
2023	0.1	2	0.5	0	0.000517345	15.18763797
2023	0.1	2	0.5	0.00497512	0.00325018	16.10309195
2023	0.1	2	0.5	0.08130078	0.00461322	14.78676048
2023	0.1	2	0.5	0	0.00603816	17.26081202
2023	0.1	2	0.5	0	0.00958953	15.04486705
2023	0.1	2	0.5	0.0103093	0.00302228	15.75879205
2023	0.1	2	0.5	0.00193798	0.00926749	16.44623347
2023	0.1	2	0.5	0.0027174	0.011166	15.52747074
2023	0.1	2	0.5	0.06300482	0.0106216	16.53232386
2023	0.1	2	0.5	0.31623912	0.00202733	15.94009772
2023	0.1	2	0.5	0	0.00607743	15.70584549
2023	0.1	2	0.5	0	0.0110255	15.78565342
2023	0.1	2	0.5	0.00215517	0.00782446	15.05506312
2023	0.1	2	0.5	0.00224215	0.00843865	16.26631276
2023	0.1	2	0.5	0.02783729	0.00737204	16.02408009
2023	0.1	2	0.5	0.00344828	0.0050185	15.63105006
2023	0.1	2	0.5	0.35476758	0.00764703	15.58744786
2023	0.1	2	0.5	0.0015625	0.0108027	15.20831245
2023	0.1	2	0.5	0.1472245	0.0161861	16.36496236
2023	0.1	2	0.5	0.457958	0.0122057	16.35373009
2023	0.1	2	0.5	0.0031348	0.00460558	15.95497369
2023	0.1	2	0.5	0.06398108	0.00641393	16.60846429
2023	0.1	2	0.5	0.0113636	0.00103196	17.11481444
2023	0.1	2	0.5	0.008658	0.00383935	15.54671968
2023	0.1	2	0.5	0.00220994	0.0157691	15.74847967
2023	0.1	2	0.5	0.00323102	0.0113592	15.59112806
2023	0.1	2	0.5	0.013986	0.00217757	15.51092735
2023	0.1	2	0.5	0.69613306	0.0202023	18.62842953
2023	0.1	2	0.5	0.008	0.00165872	15.9802919
2023	0.1	2	0.5	0.0106157	0.00767965	16.87788228
2023	0.1	2	0.5	0	0.00110507	15.58903013
2023	0.1	2	0.5	0.00715989	0.00718601	15.4291498
2023	0.1	2	0.5	0	0.00590324	15.50846751
2023	0.1	2	0.5	0.20454508	0.0160126	15.69845384
2023	0.1	2	0.5	0	0.00753539	15.93368237
2023	0.1	2	0.5	0.536828603	0.0175132	18.39958788
2023	0.1	2	0.5	0.0171821	0.00494308	16.0272846
2023	0.1	2	0.5	0	0.00572137	15.22281084
2023	0.1	2	0.5	0.00481541	0.0111158	15.3704114
2023	0.1	2	0.5	0.01339286	0.00336032	15.99510318
2023	0.1	2	0.5	0.00353357	0.00452649	15.55303593
2023	0.1	2	0.5	0.0058309	0.00534658	16.64336721
2023	0.1	2	0.5	0.0044843	0.00736776	15.96195919
2023	0.1	2	0.5	0.19082146	0.00641684	16.0453943
2023	0.1	2	0.5	0.00236407	0.00745304	15.69774335
2023	0.1	2	0.5	0.001906578	0.0164557	16.31195704
2023	0.1	2	0.5	0.37491146	0.0232773	16.69333473
2023	0.1	2	0.5	0.01554405	0.00376264	15.94836475
2023	0.1	2	0.5	0.146927	0.0107263	15.58000654
2023	0.1	2	0.5	0.6229508	0.000921583	17.63118253
2023	0.1	2	0.5	0	0.00383892	15.96209913
2023	0.1	2	0.5	0.91926858	0.0506189	23.6163075
2023	0.1	2	0.5	0	0.00416682	16.24229429
2023	0.1	2	0.5	0.00829876	0.0035414	15.34734116
2023	0.1	2	0.5	0.82206372	0.0135494	20.79916245
2023	0.1	2	0.5	0.837838088	0.0264185	21.41572872
2023	0.1	2	0.5	0.00873362	0.00305728	14.8506308
2023	0.1	2	0.5	0.00833333	0.00188084	15.66108218
2023	0.1	2	0.5	0	0.0027276	16.60500798
2023	0.1	2	0.5	0.48695683	0.0040518	15.64666703
2023	0.1	2	0.5	0.00753769	0.0061601	17.09635554
2023	0.1	2	0.5	0.0043573	0.00803592	15.32615304
2023	0.1	2	0.5	0.999838324	0.0975748	27.97778745
2023	0.1	2	0.5	0.00243309	0.0215351	16.3764313
2023	0.1	2	0.5	0.00598802	0.00272837	16.23563218
2023	0.1	2	0.5	0	0.00232185	16.78535541
2023	0.1	2	0.5	0.2816898	0.00553764	15.80218843
2023	0.1	2	0.5	0.0147059	0.00103396	16.95394999
2023	0.1	2	0.5	0	0.00689519	15.50359969
2023	0.1	2	0.5	0	0.00673378	15.59978919
2023	0.1	2	0.5	0.921579719	0.0445046	22.78417963
2023	0.1	2	0.5	0	0.00309286	16.36880757
2023	0.1	2	0.5	0	0.00732915	15.61921904
2023	0.1	2	0.5	0	0.00648911	16.09048524
2023	0.1	2	0.5	0.008547	0.00365024	15.35698249
2023	0.1	2	0.5	0.01123596	0.0035431	15.23624698
2023	0.1	2	0.5	0.1217179	0.0148308	15.08595357
2023	0.1	2	0.5	0	0.00372626	15.22102748
2023	0.1	2	0.5	0.96317406	0.0445466	23.09424077
2023	0.1	2	0.5	0.01863354	0.00213731	15.98686011
2023	0.1	2	0.5	0.0045977	0.00762454	15.74106967
2023	0.1	2	0.5	0	0.0036518	14.99615715
2023	0.1	2	0.5	0.00545454	0.00953513	16.88051323
2023	0.1	2	0.5	0.003937	0.00833753	14.85925659
2023	0.1	2	0.5	0.01578946	0.00727523	15.44078362
2024	0.1	2	0.5	0.0117647	0.00445766	18.30532836
2024	0.1	2	0.5	0.16314215	0.00527558	16.06591143
2024	0.1	2	0.5	0.792623382	0.0241354	21.12501231
2024	0.1	2	0.5	0	0.00210508	15.58041081
2024	0.1	2	0.5	0.00288184	0.00475212	15.16323872
2024	0.1	2	0.5	0.30934511	0.0152133	18.24103229
2024	0.1	2	0.5	0.16502964	0.00882239	15.86308714
2024	0.1	2	0.5	0	0.0102308	17.71001014
2024	0.1	2	0.5	0.06387664	0.00749665	16.76136364
2024	0.1	2	0.5	0.04059044	0.00443896	15.4406608
2024	0.1	2	0.5	0.01801802	0.00162127	15.56834532
2024	0.1	2	0.5	0.0633484	0.00280439	17.20015886
2024	0.1	2	0.5	0	0.00412697	15.45135767
2024	0.1	2	0.5	0.00386848	0.00896905	16.06372784
2024	0.1	2	0.5	0.0052356	0.00623743	15.93638562
2024	0.1	2	0.5	0.00309598	0.0058577	16.84604959
2024	0.1	2	0.5	0.00298507	0.00490177	16.12086566
2024	0.1	2	0.5	0.08133969	0.0103645	16.24342256
2024	0.1	2	0.5	0.970643324	0.0590251	25.83188001
2024	0.1	2	0.5	0.007722	0.00409334	15.76499943
2024	0.1	2	0.5	0.06551718	0.00516453	16.00474854
2024	0.1	2	0.5	0.0058651	0.00586323	16.3948678
2024	0.1	2	0.5	0.03898634	0.00740196	18.88863611
2024	0.1	2	0.5	0.214047	0.00431898	15.81628623
2024	0.1	2	0.5	0.00234192	0.00741916	15.88972217
2024	0.1	2	0.5	0.00222717	0.00712602	15.78435121
2024	0.1	2	0.5	0.00316456	0.00523567	15.75512455
2024	0.1	2	0.5	0.0745342	0.00284686	16.61910898
2024	0.1	2	0.5	0.0218069	0.0053958	18.68662187
2024	0.1	2	0.5	0	0.00527104	15.50617008
2024	0.1	2	0.5	0.00261097	0.00652769	17.29174891
2024	0.1	2	0.5	0	0.00534122	14.79022716
2024	0.1	2	0.5	0.08776598	0.0129299	17.36626888
2024	0.1	2	0.5	0.00369686	0.00928715	15.33658677
2024	0.1	2	0.5	0.0534884	0.00743808	16.60149886
2024	0.1	2	0.5	0.4763312	0.00258414	15.95744681
2024	0.1	2	0.5	0.00494235	0.00984783	17.12492199
2024	0.1	2	0.5	0	0.00269173	16.12973349
2024	0.1	2	0.5	0.00970874	0.0015846	15.75927632
2024	0.1	2	0.5	0.00445434	0.00719832	17.13923164
2024	0.1	2	0.5	0.01849834	0.0153285	16.24357454
2024	0.1	2	0.5	0.01851852	0.00354442	17.78403364
2024	0.1	2	0.5	0.0157068	0.00243603	16.86088701
2024	0.1	2	0.5	0.0297521	0.00973686	17.34743853
2024	0.1	2	0.5	0.00201613	0.00790345	15.95068263
2024	0.1	2	0.5	0.10580201	0.00402512	15.14073817
2024	0.1	2	0.5	0	0.0129756	16.48826351
2024	0.1	2	0.5	0.00413224	0.00742244	18.16924431
2024	0.1	2	0.5	0.00331126	0.00464693	17.28149462
2024	0.1	2	0.5	0	0.00619427	16.7499915
2024	0.1	2	0.5	0.29045638	0.00413292	17.20879434
2024	0.1	2	0.5	0.00344828	0.0048744	15.89692102
2024	0.1	2	0.5	0.21333322	0.00730464	19.46132657
2024	0.1	2	0.5	0	0.00221502	15.90291107
2024	0.1	2	0.5	0.0030581	0.00505435	15.52114214
2024	0.1	2	0.5	0.00305344	0.011055	15.91821833
2024	0.1	2	0.5	0	0.00487021	16.46257292
2024	0.1	2	0.5	0.01940755	0.0163801	18.552019
2024	0.1	2	0.5	0.0034188	0.00965135	17.19976794
2024	0.1	2	0.5	0.00333333	0.00489787	16.52250565
2024	0.1	2	0.5	0.14285676	0.00601413	17.97734226
2024	0.1	2	0.5	0	0.00670384	17.77249044
2024	0.1	2	0.5	0.00253165	0.00608687	16.05890603
2024	0.1	2	0.5	0.00723328	0.00878493	16.24668885
2024	0.1	2	0.5	0.19642814	0.00295047	19.72564625
2024	0.1	2	0.5	0.00643777	0.00810947	16.03634906
2024	0.1	2	0.5	0.05084749	0.00346687	16.80760616
2024	0.1	2	0.5	0.986057813	0.0983482	32.86368136
2024	0.1	2	0.5	0.00131234	0.0114254	16.5953952
2024	0.1	2	0.5	0	0.00771641	15.95281623
2024	0.1	2	0.5	0.00267738	0.0125053	15.14859297
2024	0.1	2	0.5	0.0178571	0.00534749	15.72794418
2024	0.1	2	0.5	0.009009	0.00369007	16.14041674
2024	0.1	2	0.5	0	0.0049397	15.74258321
2024	0.1	2	0.5	0	0.00468441	16.96691884
2024	0.1	2	0.5	0.00505051	0.00254381	16.5843267
2024	0.1	2	0.5	0.0021322	0.00772395	18.48420127
2024	0.1	2	0.5	0.00191205	0.00699253	15.39882071
2024	0.1	2	0.5	0.0304659	0.00959485	16.27814884
2024	0.1	2	0.5	0.357332889	0.0173917	18.32388367
2024	0.1	2	0.5	0.00172414	0.0102277	16.37728379
2024	0.1	2	0.5	0.06	0.00118153	16.3581325
2024	0.1	2	0.5	0.4955691	0.00966148	16.51592928
2024	0.1	2	0.5	0.0974212	0.00564368	16.1532454
2024	0.1	2	0.5	0.00377358	0.00420677	17.23815361
2024	0.1	2	0.5	0.003367	0.00391313	17.81451919
2024	0.1	2	0.5	0.00184843	0.00930403	15.58100441
2024	0.1	2	0.5	0.0363951	0.00926609	15.77187807
2024	0.1	2	0.5	0.00629921	0.00994953	15.55003201
2024	0.1	2	0.5	0.00135685	0.0113241	17.35901851
2024	0.1	2	0.5	0.16169156	0.0118758	17.14467337
2024	0.1	2	0.5	0.00621117	0.00737007	16.59270764
2024	0.1	2	0.5	0.00621118	0.00324668	16.16841229
2024	0.1	2	0.5	0.148148	0.000737281	16.50890733
2024	0.1	2	0.5	0.04433495	0.00700342	15.07228916
2024	0.1	2	0.5	0.00642399	0.00836658	15.9814158
2024	0.1	2	0.5	0.00194175	0.00874404	17.43062629
2024	0.1	2	0.5	0.00593472	0.00461492	15.92970522
2024	0.1	2	0.5	0.285405086	0.0231065	18.13853332
2024	0.1	2	0.5	0	0.0102268	18.23941659
2025	0.1	2	0.5	0	0.00379842	15.81761168
2025	0.1	2	0.5	0	0.0108316	16.41865079
2025	0.1	2	0.5	0.00289017	0.00597965	16.26922128
2025	0.1	2	0.5	0.9349449	0.102466	29.75569586
2025	0.1	2	0.5	0.00719424	0.00398158	16.5164505
2025	0.1	2	0.5	0	0.00541741	17.20841948
2025	0.1	2	0.5	0.00171821	0.00867363	16.24240499
2025	0.1	2	0.5	0.00207039	0.00852727	17.5148015
2025	0.1	2	0.5	0	0.00751758	17.12147257
2025	0.1	2	0.5	0.415631	0.00873683	17.20910887
2025	0.1	2	0.5	0.00500624	0.0139791	15.98834032
2025	0.1	2	0.5	0.118834	0.00700687	17.44846412
2025	0.1	2	0.5	0.00584796	0.00881571	17.59494995
2025	0.1	2	0.5	0.00276243	0.00564256	16.65666492
2025	0.1	2	0.5	0	0.00494033	16.00048158
2025	0.1	2	0.5	0.02	0.00147452	16.644555
2025	0.1	2	0.5	0.000913242	0.0177296	17.69569245
2025	0.1	2	0.5	0.00291545	0.00523708	15.71593385
2025	0.1	2	0.5	0.0022779	0.00686015	16.22754066
2025	0.1	2	0.5	0.004914	0.00660669	16.07360561
2025	0.1	2	0.5	0.625482534	0.031837	21.84610304
2025	0.1	2	0.5	0	0.00505164	16.22259576
2025	0.1	2	0.5	0.09908262	0.0175567	17.60429242
2025	0.1	2	0.5	0.00265252	0.00516105	16.76461699
2025	0.1	2	0.5	0	0.00675619	19.26472443
2025	0.1	2	0.5	0.0058997	0.00530151	16.52143359
2025	0.1	2	0.5	0.00284091	0.00647933	15.59624989
2025	0.1	2	0.5	0	0.00463893	16.88919958
2025	0.1	2	0.5	0	0.00465115	16.55927631
2025	0.1	2	0.5	0.00546448	0.00284201	15.95980563
2025	0.1	2	0.5	0.00127551	0.0125044	15.11569707
2025	0.1	2	0.5	0.00242718	0.0070598	17.37637816
2025	0.1	2	0.5	0.51752586	0.00822547	18.25156769
2025	0.1	2	0.5	0.00251889	0.00667405	17.41157926
2025	0.1	2	0.5	0	0.00929487	16.3425809
2025	0.1	2	0.5	0.00169205	0.00970973	16.69294973
2025	0.1	2	0.5	0.00243902	0.00622045	17.40287387
2025	0.1	2	0.5	0.04246284	0.00744569	20.2331833
2025	0.1	2	0.5	0.00598803	0.00764206	17.9523219
2025	0.1	2	0.5	0.01190477	0.0139919	17.93813508
2025	0.1	2	0.5	0.0035524	0.00976545	16.64012739
2025	0.1	2	0.5	0.00904977	0.0033571	17.10520438
2025	0.1	2	0.5	0.575293325	0.0327672	20.82567767
2025	0.1	2	0.5	0	0.00859581	18.37191934
2025	0.1	2	0.5	0	0.00523924	15.88543906
2025	0.1	2	0.5	0.00464038	0.0066519	15.80396055
2025	0.1	2	0.5	0.07266986	0.0109872	17.8164531
2025	0.1	2	0.5	0.00510204	0.003695	16.54120444
2025	0.1	2	0.5	0.00319488	0.00874546	16.20891787
2025	0.1	2	0.5	0	0.00509032	16.73205723
2025	0.1	2	0.5	0.002	0.00844298	16.85706745
2025	0.1	2	0.5	0.993908531	0.108359	31.54154605
2025	0.1	2	0.5	0	0.00685901	16.18456391
2025	0.1	2	0.5	0.00118064	0.0134349	15.64918613
2025	0.1	2	0.5	0.871808894	0.0605369	26.19571484
2025	0.1	2	0.5	0.50704271	0.0156537	17.01611506
2025	0.1	2	0.5	0.975252594	0.106736	28.79007209
2025	0.1	2	0.5	0	0.00728218	16.30963096
2025	0.1	2	0.5	0.786942534	0.0289513	21.59552931
2025	0.1	2	0.5	0.33445646	0.0205646	20.06476422
2025	0.1	2	0.5	0.28474592	0.00976871	17.8849016
2025	0.1	2	0.5	0.221393	0.00670471	18.55465221
2025	0.1	2	0.5	0.07764387	0.0127977	16.63208734
2025	0.1	2	0.5	0.244528717	0.020409	18.2878405
2025	0.1	2	0.5	0.1918236	0.00498779	16.89248502
2025	0.1	2	0.5	0.09205775	0.00895665	15.9006888
2025	0.1	2	0.5	0.02784227	0.00700979	15.1293916
2025	0.1	2	0.5	0.1	0.00446166	18.14852031
2025	0.1	2	0.5	0.1107143	0.0137043	19.00715564
2025	0.1	2	0.5	0.00279851	0.0164223	18.05072103
2025	0.1	2	0.5	0.19847321	0.014997	17.64529413
2025	0.1	2	0.5	0.00404858	0.00405526	16.18189034
2025	0.1	2	0.5	0.00119904	0.0141779	17.62649655
2025	0.1	2	0.5	0.1649693	0.00798082	15.79332384
2025	0.1	2	0.5	0	0.0103385	16.20910412
2025	0.1	2	0.5	0.00242424	0.0138299	16.72322439
2025	0.1	2	0.5	0.0070922	0.00838193	17.96340846
2025	0.1	2	0.5	0	0.00486904	17.29540843
2025	0.1	2	0.5	0.0021254	0.0140571	17.7674937
2025	0.1	2	0.5	0.00532481	0.0154262	16.66613362
2025	0.1	2	0.5	0.00119474	0.0135231	17.99304167
2025	0.1	2	0.5	0.0088968	0.00977848	16.70878427
2025	0.1	2	0.5	0.39713525	0.0124413	19.85870595
2025	0.1	2	0.5	0.2357139	0.00608231	16.42094755
2025	0.1	2	0.5	0.00327869	0.00453854	16.7758111
2025	0.1	2	0.5	0.0045045	0.0109136	16.19723628
2025	0.1	2	0.5	0.00116009	0.0140686	18.65791589
2025	0.1	2	0.5	0.00421052	0.00845128	16.87556706
2025	0.1	2	0.5	0.11336724	0.00954439	16.63118485
2025	0.1	2	0.5	0.01016949	0.00501948	16.03359523
2025	0.1	2	0.5	0.00821919	0.00609455	16.46201873
2025	0.1	2	0.5	0.0063492	0.00560169	16.32587713
2025	0.1	2	0.5	0.49677453	0.0280294	19.16522953
2025	0.1	2	0.5	0	0.0147186	17.53052503
2025	0.1	2	0.5	0	0.00468489	16.2751012
2025	0.1	2	0.5	0	0.00317707	16.50449449
2025	0.1	2	0.5	0.0085837	0.00321007	17.86308155
2025	0.1	2	0.5	0	0.00147236	16.59777139
2025	0.1	2	0.5	0.00401606	0.00729403	17.26708965
2025	0.1	2	0.5	0.00574713	0.00520179	17.1610398
2026	0.1	2	0.5	0.01114827	0.0137725	20.13867358
2026	0.1	2	0.5	0.00392156	0.0088911	18.52405329
2026	0.1	2	0.5	0	0.00479993	16.91744779
2026	0.1	2	0.5	0.132584	0.0143234	18.17539895
2026	0.1	2	0.5	0.01048951	0.00442592	18.47133758
2026	0.1	2	0.5	0	0.00402093	16.24180626
2026	0.1	2	0.5	0.01226993	0.00476196	17.07635081
2026	0.1	2	0.5	0.64997514	0.0333243	22.12475634
2026	0.1	2	0.5	0.00869565	0.00258396	16.30252101
2026	0.1	2	0.5	0	0.00335287	16.6232385
2026	0.1	2	0.5	0.962911366	0.100416	25.99930241
2026	0.1	2	0.5	0.377609534	0.0164974	18.79510633
2026	0.1	2	0.5	0.00145985	0.00978007	18.12578411
2026	0.1	2	0.5	0.000977517	0.0162091	18.28411072
2026	0.1	2	0.5	0	0.00888349	18.03963474
2026	0.1	2	0.5	0.00380952	0.00818014	16.59896186
2026	0.1	2	0.5	0.00120337	0.0129725	19.25130569
2026	0.1	2	0.5	0	0.004505	16.74895556
2026	0.1	2	0.5	0.00473934	0.00663369	17.43814725
2026	0.1	2	0.5	0.00467289	0.0104541	17.43080291
2026	0.1	2	0.5	0.0054496	0.00552827	15.76964896
2026	0.1	2	0.5	0.04402512	0.00236143	16.28941768
2026	0.1	2	0.5	0.25000018	0.00976327	21.45474825
2026	0.1	2	0.5	0.00195695	0.00860465	16.63775805
2026	0.1	2	0.5	0.00232558	0.00741618	16.3308259
2026	0.1	2	0.5	0.00178891	0.0101867	17.82304773
2026	0.1	2	0.5	0.1557653	0.0150144	18.84048498
2026	0.1	2	0.5	0.997091461	0.1287	33.39418151
2026	0.1	2	0.5	0.013769385	0.0192948	18.76462432
2026	0.1	2	0.5	0	0.00752008	17.3442481
2026	0.1	2	0.5	0.00260417	0.00634403	19.09902836
2026	0.1	2	0.5	0.000940734	0.0158991	18.74335629
2026	0.1	2	0.5	0	0.00493588	17.25176501
2026	0.1	2	0.5	0.0039139	0.00896617	16.18798079
2026	0.1	2	0.5	0	0.00993416	18.67342772
2026	0.1	2	0.5	0.255556	0.0170656	18.0196615
2026	0.1	2	0.5	0.974371673	0.090678	29.91035936
2026	0.1	2	0.5	0.00430416	0.0118651	18.93702664
2026	0.1	2	0.5	0.01075268	0.00394603	16.28374801
2026	0.1	2	0.5	0	0.00965843	17.27520246
2026	0.1	2	0.5	0.00127714	0.012582	18.61349531
2026	0.1	2	0.5	0.01847293	0.0131371	18.77598488
2026	0.1	2	0.5	0.0037594	0.00892025	17.25881614
2026	0.1	2	0.5	0.02666664	0.00316711	18.13093623
2026	0.1	2	0.5	0	0.00667267	16.08956689
2026	0.1	2	0.5	0.00546448	0.00626729	15.86164802
2026	0.1	2	0.5	0.0060423	0.00563722	16.23333333
2026	0.1	2	0.5	0.01300579	0.012218	17.32676072
2026	0.1	2	0.5	0.394118	0.0056912	16.47154472
2026	0.1	2	0.5	0.00434782	0.00795661	17.14826281
2026	0.1	2	0.5	0.00690847	0.00952178	17.71390974
2026	0.1	2	0.5	0.000798085	0.0202205	18.16428227
2026	0.1	2	0.5	0.00162075	0.00992635	19.26544346
2026	0.1	2	0.5	0.00952381	0.00774455	18.0580869
2026	0.1	2	0.5	0.12244854	0.0117177	17.95346312
2026	0.1	2	0.5	0	0.00232111	16.22006961
2026	0.1	2	0.5	0	0.00689682	17.997851
2026	0.1	2	0.5	0.01078168	0.00648729	17.18159486
2026	0.1	2	0.5	0.76434589	0.0205776	19.9796482
2026	0.1	2	0.5	0	0.00786166	17.83182719
2026	0.1	2	0.5	0	0.0139985	17.17895285
2026	0.1	2	0.5	0.569058774	0.0317049	21.25153289
2026	0.1	2	0.5	0.078534	0.00878631	16.31921182
2026	0.1	2	0.5	0.00616017	0.00855136	16.4173366
2026	0.1	2	0.5	0.124138	0.00727026	17.21340388
2026	0.1	2	0.5	0	0.0051597	16.70901391
2026	0.1	2	0.5	0.00291971	0.0111187	15.13983344
2026	0.1	2	0.5	0.00309598	0.00541834	17.27932476
2026	0.1	2	0.5	0.00375234	0.00823316	18.97048236
2026	0.1	2	0.5	0.00186567	0.00855937	16.0696043
2026	0.1	2	0.5	0	0.00909549	17.96647004
2026	0.1	2	0.5	0.322	0.00866113	19.0709423
2026	0.1	2	0.5	0.00297619	0.00506666	19.05933757
2026	0.1	2	0.5	0.003663	0.0040987	16.43894516
2026	0.1	2	0.5	0.00507614	0.00269236	16.33234797
2026	0.1	2	0.5	0.00192678	0.016827	18.38870995
2026	0.1	2	0.5	0.048136696	0.0204881	18.67763047
2026	0.1	2	0.5	0.07279698	0.00402255	17.82898068
2026	0.1	2	0.5	0.0940941	0.0149944	20.41116715
2026	0.1	2	0.5	0.15208072	0.0110034	17.42365031
2026	0.1	2	0.5	0.3491559	0.00782441	16.31762653
2026	0.1	2	0.5	0.00263852	0.00652832	17.474555
2026	0.1	2	0.5	0.0087108	0.0100425	15.64774082
2026	0.1	2	0.5	0.00729927	0.00103344	16.51721897
2026	0.1	2	0.5	0	0.0194073	20.47839633
2026	0.1	2	0.5	0.23210458	0.00711756	18.16947898
2026	0.1	2	0.5	0.984580851	0.121492	31.32198338
2026	0.1	2	0.5	0	0.00365261	18.46077017
2026	0.1	2	0.5	0	0.00176808	15.9076679
2026	0.1	2	0.5	0.94448788	0.0847977	25.50186808
2026	0.1	2	0.5	0.00401606	0.00401755	16.27265563
2026	0.1	2	0.5	0.29052	0.0203635	21.0414196
2026	0.1	2	0.5	0.00192678	0.00764072	16.83341854
2026	0.1	2	0.5	0.37197489	0.0137384	20.36482047
2026	0.1	2	0.5	0.00470588	0.00725189	16.08388652
2026	0.1	2	0.5	0.00447428	0.00737588	15.4828987
2026	0.1	2	0.5	0.05405406	0.0191548	18.81648936
2026	0.1	2	0.5	0.00344234	0.00845179	17.23740003
2026	0.1	2	0.5	0.00424329	0.0106895	16.9555834
2026	0.1	2	0.5	0.98631987	0.107259	28.80588438
2027	0.1	2	0.5	0.155096	0.0108387	17.73211813
2027	0.1	2	0.5	0.00208768	0.00858451	17.78229023
2027	0.1	2	0.5	0.00137174	0.0121813	18.1749785
2027	0.1	2	0.5	0.68462506	0.012288	19.24861803
2027	0.1	2	0.5	0	0.0105502	17.58811152
2027	0.1	2	0.5	0.00429185	0.00320731	17.16167299
2027	0.1	2	0.5	0.86767857	0.091846	25.74643856
2027	0.1	2	0.5	0.23315138	0.00772951	18.82754453
2027	0.1	2	0.5	0.00166113	0.0098477	18.36278443
2027	0.1	2	0.5	0	0.00266006	16.2933526
2027	0.1	2	0.5	0	0.00114345	16.68699412
2027	0.1	2	0.5	0.2430003	0.0242285	18.50120096
2027	0.1	2	0.5	0.00145138	0.0122539	17.85203658
2027	0.1	2	0.5	0.078571414	0.0178562	22.3474254
2027	0.1	2	0.5	0.00292826	0.010236	17.13954318
2027	0.1	2	0.5	0.031774026	0.0169436	19.55746528
2027	0.1	2	0.5	0.4405662	0.0317247	19.94777403
2027	0.1	2	0.5	0.00217392	0.0141975	17.74687979
2027	0.1	2	0.5	0.037037	0.00077457	16.22066694
2027	0.1	2	0.5	0.00394737	0.0129404	17.47791872
2027	0.1	2	0.5	0.21040722	0.0155627	19.44307612
2027	0.1	2	0.5	0.00263852	0.0123837	16.47910197
2027	0.1	2	0.5	0.002204264	0.0227722	18.44439683
2027	0.1	2	0.5	0.127944348	0.0216092	17.12157503
2027	0.1	2	0.5	0.154472	0.00187981	16.09326519
2027	0.1	2	0.5	0	0.0123444	17.65225391
2027	0.1	2	0.5	0	0.0163091	18.17166743
2027	0.1	2	0.5	0.00240964	0.00771112	17.02172463
2027	0.1	2	0.5	0.00394478	0.00889003	18.52913445
2027	0.1	2	0.5	0.00223464	0.0158183	16.28543177
2027	0.1	2	0.5	0.3548178	0.024737	21.63867302
2027	0.1	2	0.5	0.00174216	0.00980604	17.80877942
2027	0.1	2	0.5	0.6358275	0.0449844	22.46050585
2027	0.1	2	0.5	0.00347826	0.00959623	16.99637167
2027	0.1	2	0.5	0.01345291	0.00325419	18.98583028
2027	0.1	2	0.5	0.07317074	0.00343093	16.69428127
2027	0.1	2	0.5	0.32101866	0.012069	21.09627637
2027	0.1	2	0.5	0.323263833	0.027417	21.00425961
2027	0.1	2	0.5	0	0.00771278	16.62324565
2027	0.1	2	0.5	0.03225806	0.0037982	16.83684211
2027	0.1	2	0.5	0.00307456	0.0204114	18.5546416
2027	0.1	2	0.5	0.377295425	0.0182404	20.01313293
2027	0.1	2	0.5	0	0.0137755	20.74792175
2027	0.1	2	0.5	0.46630089	0.0293378	19.34982827
2027	0.1	2	0.5	0	0.00586723	18.31007456
2027	0.1	2	0.5	0.07798166	0.00376437	16.05696733
2027	0.1	2	0.5	0.981439662	0.148415	34.0209906
2027	0.1	2	0.5	0.00429184	0.0155528	17.10555503
2027	0.1	2	0.5	0.00373134	0.0134231	19.97318357
2027	0.1	2	0.5	0.18978108	0.00221084	18.2427275
2027	0.1	2	0.5	0.00170648	0.00922759	20.5164443
2027	0.1	2	0.5	0.06603775	0.00446528	16.48693287
2027	0.1	2	0.5	0.00417537	0.00822782	16.40799642
2027	0.1	2	0.5	0.637344518	0.0359706	20.02950851
2027	0.1	2	0.5	0.01937988	0.0136879	18.75292102
2027	0.1	2	0.5	0.00192802	0.0276909	18.46098698
2027	0.1	2	0.5	0.08066583	0.0122757	19.50662403
2027	0.1	2	0.5	0	0.00741077	16.72262537
2027	0.1	2	0.5	0.00320513	0.00475198	15.39158576
2027	0.1	2	0.5	0.00107991	0.0145528	19.21745846
2027	0.1	2	0.5	0.10991648	0.013523	19.83329179
2027	0.1	2	0.5	0.01928372	0.00550121	15.85015575
2027	0.1	2	0.5	0.00524934	0.00609132	16.4171827
2027	0.1	2	0.5	0.006993	0.00939714	17.10349325
2027	0.1	2	0.5	0.2690055	0.0194644	19.48572261
2027	0.1	2	0.5	0.00250626	0.0137079	21.45203025
2027	0.1	2	0.5	0.00833333	0.00203128	18.11908268
2027	0.1	2	0.5	0.00645162	0.00678666	16.73676012
2027	0.1	2	0.5	0	0.0123126	16.51743638
2027	0.1	2	0.5	0.579828022	0.0684281	24.49033945
2027	0.1	2	0.5	0.04559753	0.00957432	19.2993475
2027	0.1	2	0.5	0.07994928	0.0126615	16.22371585
2027	0.1	2	0.5	0.16575549	0.00843934	17.18855322
2027	0.1	2	0.5	0	0.00923574	18.23842585
2027	0.1	2	0.5	0.0028777	0.0111261	17.42902453
2027	0.1	2	0.5	0	0.00567948	16.78344527
2027	0.1	2	0.5	0.45232	0.0514454	23.19912668
2027	0.1	2	0.5	0	0.00993663	18.92724279
2027	0.1	2	0.5	0.00251256	0.0065207	16.29292096
2027	0.1	2	0.5	0.00151976	0.0117731	17.41837883
2027	0.1	2	0.5	0.00696864	0.00427834	16.2642652
2027	0.1	2	0.5	0.1384081	0.00962758	18.07059767
2027	0.1	2	0.5	0.18207268	0.0117693	18.86411126
2027	0.1	2	0.5	0.00285714	0.0121312	18.06568166
2027	0.1	2	0.5	0.0128205	0.00251378	16.51689432
2027	0.1	2	0.5	0	0.00602163	19.20666014
2027	0.1	2	0.5	0.30299703	0.013896	17.86054386
2027	0.1	2	0.5	0.01886793	0.00276861	16.57792568
2027	0.1	2	0.5	0.09523815	0.00591059	15.59561709
2027	0.1	2	0.5	0.0095238	0.00848669	17.19974355
2027	0.1	2	0.5	0.1003963	0.0132759	16.810915
2027	0.1	2	0.5	0.902504188	0.0776136	24.49516283
2027	0.1	2	0.5	0	0.00520076	17.52238067
2027	0.1	2	0.5	0	0.0048673	16.73951504
2027	0.1	2	0.5	0.00675676	0.00239801	16.82878971
2027	0.1	2	0.5	0.00434782	0.00771003	17.48509295
2027	0.1	2	0.5	0.1549546	0.0102285	17.91399309
2027	0.1	2	0.5	0.01566262	0.013255	19.84512338
2027	0.1	2	0.5	0.00225479	0.0141259	17.62437216
2027	0.1	2	0.5	0.408403336	0.0203492	22.14005464
2022	0.1	0	0.5	0.288877	0.0454325	22.00617665
2022	0.1	0	0.5	0.135531608	0.0475413	21.23416566
2022	0.1	0	0.5	0.52931	0.167995	28.36542348
2022	0.1	0	0.5	0.418345927	0.0239927	19.88876103
2022	0.1	0	0.5	0.000389864	0.0418193	21.06646007
2022	0.1	0	0.5	0	0.0218577	17.24004514
2022	0.1	0	0.5	0.00573066	0.00604502	16.42672274
2022	0.1	0	0.5	0.998435946	1.2231	53.80049962
2022	0.1	0	0.5	0.925229965	0.483217	39.76896818
2022	0.1	0	0.5	0.375700579	0.0172387	17.1146064
2022	0.1	0	0.5	0.11724142	0.00834199	15.92976916
2022	0.1	0	0.5	0.001294219	0.0365557	21.41007413
2022	0.1	0	0.5	0.0470105	0.0373259	21.94763055
2022	0.1	0	0.5	0	0.0126987	16.15173609
2022	0.1	0	0.5	0.625743578	0.200384	29.48574064
2022	0.1	0	0.5	0.5675947	0.131454	27.30162356
2022	0.1	0	0.5	0.00591716	0.00527433	17.11285008
2022	0.1	0	0.5	0.31284952	0.0966973	26.25145629
2022	0.1	0	0.5	0.000717875	0.0214466	19.05077196
2022	0.1	0	0.5	0.028353328	0.0423167	21.66029775
2022	0.1	0	0.5	0.494356	0.0344807	18.3681592
2022	0.1	0	0.5	0.02651518	0.0042016	16.42884363
2022	0.1	0	0.5	0.000787402	0.0191709	20.20434324
2022	0.1	0	0.5	0.467849647	0.138926	26.06109537
2022	0.1	0	0.5	0.066447394	0.0500629	20.41099114
2022	0.1	0	0.5	0	0.00843668	17.25765359
2022	0.1	0	0.5	0.306937468	0.0674151	25.01967663
2022	0.1	0	0.5	0.870829183	0.306432	35.25881814
2022	0.1	0	0.5	0.758095462	0.262851	32.85083415
2022	0.1	0	0.5	0.0350953	0.0385406	20.36405289
2022	0.1	0	0.5	0.7453478	0.134033	29.4152902
2022	0.1	0	0.5	0.00167224	0.021506	15.80089671
2022	0.1	0	0.5	0.5540067	0.0978458	25.9933985
2022	0.1	0	0.5	0.06763281	0.0100646	16.24859603
2022	0.1	0	0.5	0.001914332	0.0670844	22.05888855
2022	0.1	0	0.5	0.002183402	0.0374074	19.68948649
2022	0.1	0	0.5	0.015793865	0.0196682	18.73560432
2022	0.1	0	0.5	0.00110619	0.0148492	19.11489116
2022	0.1	0	0.5	0.444072269	0.199343	28.26929906
2022	0.1	0	0.5	0.594886296	0.0314834	19.71027718
2022	0.1	0	0.5	0.506225442	0.0397505	21.27350614
2022	0.1	0	0.5	0.15714246	0.0083915	17.20188321
2022	0.1	0	0.5	0.75512825	0.0316861	20.72199867
2022	0.1	0	0.5	0.00195122	0.0172751	16.45713521
2022	0.1	0	0.5	0.91714546	0.366998	37.97487534
2022	0.1	0	0.5	0.001731602	0.017577	19.89785633
2022	0.1	0	0.5	0.116139985	0.0391544	21.84116486
2022	0.1	0	0.5	0.601915786	0.120032	29.47115385
2022	0.1	0	0.5	0.990258263	1.10262	49.94673263
2022	0.1	0	0.5	0.89261744	0.503472	39.70927287
2022	0.1	0	0.5	0.367128815	0.0370236	20.3711598
2022	0.1	0	0.5	0.00675676	0.00516324	16.76504804
2022	0.1	0	0.5	0.536044762	0.19316	29.03044201
2022	0.1	0	0.5	0.10642774	0.0140495	20.12178452
2022	0.1	0	0.5	0.041402206	0.0516499	23.03113435
2022	0.1	0	0.5	0.92346377	0.691359	41.51811137
2022	0.1	0	0.5	0.991660801	1.14853	49.81269292
2022	0.1	0	0.5	0.00560081	0.0324179	20.91190108
2022	0.1	0	0.5	0.000729927	0.0212123	20.09535238
2022	0.1	0	0.5	0.060823644	0.0412074	21.93007276
2022	0.1	0	0.5	0.989685582	1.19549	51.45569824
2022	0.1	0	0.5	0.710113267	0.137199	27.47686471
2022	0.1	0	0.5	0.950411564	0.891677	45.73951782
2022	0.1	0	0.5	0.007083826	0.0460094	20.60640241
2022	0.1	0	0.5	0.563450684	0.0382583	19.2893401
2022	0.1	0	0.5	0.269887595	0.0767588	22.45479781
2022	0.1	0	0.5	0.656324805	0.0644872	23.96189746
2022	0.1	0	0.5	0.106352159	0.0731543	25.21978147
2022	0.1	0	0.5	0.000514933	0.0318763	19.66382899
2022	0.1	0	0.5	0.669253761	0.165734	26.3213374
2022	0.1	0	0.5	0.954364833	0.250949	36.73952965
2022	0.1	0	0.5	0	0.00615217	15.98603556
2022	0.1	0	0.5	0.590445629	0.103549	26.03152272
2022	0.1	0	0.5	0.0878478	0.021526	17.02528804
2022	0.1	0	0.5	0.666387587	0.120813	26.86143903
2022	0.1	0	0.5	0.010693943	0.0677986	24.53340368
2022	0.1	0	0.5	0	0.011321	18.71885607
2022	0.1	0	0.5	0.00127389	0.0125834	17.8803066
2022	0.1	0	0.5	0.760040968	0.150989	27.32967634
2022	0.1	0	0.5	0.614692699	0.137395	28.83809524
2022	0.1	0	0.5	0.006311993	0.0172532	19.00923348
2022	0.1	0	0.5	0.110867428	0.0712597	22.58185376
2022	0.1	0	0.5	0.662721498	0.0367578	20.73895989
2022	0.1	0	0.5	0.0466805	0.0161088	20.14212449
2022	0.1	0	0.5	0.544732915	0.0975255	26.12168788
2022	0.1	0	0.5	0.985598666	1.16287	50.4150831
2022	0.1	0	0.5	0.994721851	1.27781	52.61936433
2022	0.1	0	0.5	0.003375532	0.0212186	19.89832156
2022	0.1	0	0.5	0.002529087	0.0316117	21.08628143
2022	0.1	0	0.5	0.321311381	0.049679	21.935371
2022	0.1	0	0.5	0.002754825	0.0240606	18.80079286
2022	0.1	0	0.5	0.5383875	0.170942	28.29330034
2022	0.1	0	0.5	0.0024213	0.0137872	17.10301562
2022	0.1	0	0.5	0.985197152	0.808795	44.90271204
2022	0.1	0	0.5	0.995019096	1.08265	51.82382289
2022	0.1	0	0.5	0.310045	0.112542	26.19075876
2022	0.1	0	0.5	0.0024888	0.0319999	19.50681523
2022	0.1	0	0.5	0	0.0132031	17.03627604
2022	0.1	0	0.5	0.914202174	0.380401	35.52102377
2022	0.1	0	0.5	0.000977199	0.048715	21.95510269
2023	0.1	0	0.5	0.998698385	1.22989	53.57063545
2023	0.1	0	0.5	0.0527426	0.00773798	18.03410634
2023	0.1	0	0.5	0.00628932	0.00714773	18.05508446
2023	0.1	0	0.5	0.0937324	0.0301393	18.44401108
2023	0.1	0	0.5	0.000571755	0.0271548	19.43270972
2023	0.1	0	0.5	0.00165563	0.0206305	20.88270598
2023	0.1	0	0.5	0.584111122	0.0758021	22.57011053
2023	0.1	0	0.5	0.07042252	0.0119716	17.44506757
2023	0.1	0	0.5	0.149254	0.0509293	22.08646391
2023	0.1	0	0.5	0.928384021	0.307605	36.11400519
2023	0.1	0	0.5	0.00387597	0.00313718	15.66492712
2023	0.1	0	0.5	0.12142872	0.00247263	17.7422462
2023	0.1	0	0.5	0.958224856	0.522201	41.8924564
2023	0.1	0	0.5	0.11021	0.0544912	22.56290618
2023	0.1	0	0.5	0.090357934	0.0298744	18.40563793
2023	0.1	0	0.5	0.00538599	0.00919287	17.68458659
2023	0.1	0	0.5	0.30971615	0.0167974	18.37244512
2023	0.1	0	0.5	0.045971612	0.0508497	23.11987142
2023	0.1	0	0.5	0.0016835	0.0293998	21.41633352
2023	0.1	0	0.5	0.536317376	0.0871658	27.94173688
2023	0.1	0	0.5	0.050247654	0.022393	18.03561755
2023	0.1	0	0.5	0.79149181	0.115169	27.74676415
2023	0.1	0	0.5	0.029711386	0.0367832	20.34335641
2023	0.1	0	0.5	0.00197628	0.0081052	17.31942457
2023	0.1	0	0.5	0.01865674	0.00534178	17.65772299
2023	0.1	0	0.5	0.00177431	0.0472862	22.53691275
2023	0.1	0	0.5	0.02691223	0.0109185	17.6661126
2023	0.1	0	0.5	0.00168634	0.0395934	20.22856293
2023	0.1	0	0.5	0.9041934	0.622608	39.30558369
2023	0.1	0	0.5	0.355785558	0.0678328	22.65304396
2023	0.1	0	0.5	0.160639096	0.0262583	20.55214724
2023	0.1	0	0.5	0.004500455	0.0358072	21.05956485
2023	0.1	0	0.5	0.934998596	0.356446	36.70388498
2023	0.1	0	0.5	0.033027776	0.0509299	23.28305287
2023	0.1	0	0.5	0.666654354	0.21536	30.6027893
2023	0.1	0	0.5	0.002919238	0.0511551	20.94653587
2023	0.1	0	0.5	0.001232281	0.0757904	22.99149489
2023	0.1	0	0.5	0.167954	0.00711083	17.7514349
2023	0.1	0	0.5	0.058171721	0.0239705	19.54222373
2023	0.1	0	0.5	0.00571066	0.051059	23.83940763
2023	0.1	0	0.5	0.0053286	0.017292	18.806367
2023	0.1	0	0.5	0.0175824	0.0153427	18.28725398
2023	0.1	0	0.5	0.000923361	0.0183411	19.80111781
2023	0.1	0	0.5	0.0511761	0.0517801	21.01089241
2023	0.1	0	0.5	0.975347106	0.382454	39.69336565
2023	0.1	0	0.5	0.002912624	0.0161871	16.97846684
2023	0.1	0	0.5	0.0412698	0.00534973	16.85444098
2023	0.1	0	0.5	0.0160035	0.0773511	23.68219723
2023	0.1	0	0.5	0.0192308	0.0175242	17.60221554
2023	0.1	0	0.5	0.946813505	0.661671	41.36912525
2023	0.1	0	0.5	0.00189036	0.0171491	20.03812564
2023	0.1	0	0.5	0.497536087	0.0369771	22.52500472
2023	0.1	0	0.5	0.088997962	0.0667468	22.47890719
2023	0.1	0	0.5	0.977416369	1.11301	48.68688308
2023	0.1	0	0.5	0.132561826	0.0232893	19.87041963
2023	0.1	0	0.5	0.88881796	0.246841	32.74886878
2023	0.1	0	0.5	0.223695347	0.0364071	22.49770672
2023	0.1	0	0.5	0.00226244	0.0157944	18.14447305
2023	0.1	0	0.5	0.00664894	0.0118437	16.44520997
2023	0.1	0	0.5	0.495252508	0.0573531	21.98792735
2023	0.1	0	0.5	0.07109738	0.0103232	16.49085795
2023	0.1	0	0.5	0.197496	0.0672516	23.96176465
2023	0.1	0	0.5	0.000546747	0.0311907	19.18631046
2023	0.1	0	0.5	0.734262452	0.154905	29.07264396
2023	0.1	0	0.5	0.989041914	1.19374	50.36662423
2023	0.1	0	0.5	0.006442953	0.0556844	23.03385815
2023	0.1	0	0.5	0.02456139	0.0102021	18.57331493
2023	0.1	0	0.5	0.247270928	0.0449276	20.66284223
2023	0.1	0	0.5	0.66813399	0.13167	26.08275529
2023	0.1	0	0.5	0.001464843	0.0337185	20.18642339
2023	0.1	0	0.5	0.905597753	0.441789	37.6894218
2023	0.1	0	0.5	0.003125	0.00553339	16.11308003
2023	0.1	0	0.5	0.999170789	1.22015	53.8229447
2023	0.1	0	0.5	0.900422931	0.34011	36.70760956
2023	0.1	0	0.5	0.0792339	0.0458266	20.19424441
2023	0.1	0	0.5	0.996595577	1.2167	52.42162563
2023	0.1	0	0.5	0.907470697	0.229261	33.28133223
2023	0.1	0	0.5	0.00491802	0.00922266	17.33986699
2023	0.1	0	0.5	0.94667659	0.993007	45.30916942
2023	0.1	0	0.5	0.077267157	0.0391571	21.45995792
2023	0.1	0	0.5	0.003974171	0.0329846	19.89901747
2023	0.1	0	0.5	0.00527357	0.0260343	18.11233173
2023	0.1	0	0.5	0.0122974	0.0294198	18.40947363
2023	0.1	0	0.5	0.27980555	0.0132567	18.01176965
2023	0.1	0	0.5	0.123721	0.110224	24.21705647
2023	0.1	0	0.5	0.386872	0.0119553	17.66994353
2023	0.1	0	0.5	0.145973428	0.08815	21.72743855
2023	0.1	0	0.5	0.262149063	0.0247082	17.16643123
2023	0.1	0	0.5	0.318602194	0.0589496	23.39659342
2023	0.1	0	0.5	0.01176468	0.0382049	20.41670654
2023	0.1	0	0.5	0.9971351	1.23468	51.95646168
2023	0.1	0	0.5	0.73998862	0.22939	30.35056429
2023	0.1	0	0.5	0.643982967	0.134306	25.60139874
2023	0.1	0	0.5	0.000977996	0.0349663	19.89603789
2023	0.1	0	0.5	0.541199986	0.129493	28.59230395
2023	0.1	0	0.5	0.016	0.0192374	18.64633577
2023	0.1	0	0.5	0.0110081	0.0550664	20.50880718
2023	0.1	0	0.5	0.988775771	1.2606	50.43386951
2023	0.1	0	0.5	0.082361762	0.0451909	20.2357625
2023	0.1	0	0.5	0.56167901	0.280955	29.83575941
2024	0.1	0	0.5	0.842630969	0.346376	34.783619
2024	0.1	0	0.5	0.570339076	0.0816496	24.76319704
2024	0.1	0	0.5	0.013245074	0.0167862	16.03640165
2024	0.1	0	0.5	0.586356925	0.108289	23.70706178
2024	0.1	0	0.5	0.004648277	0.0511276	21.66500284
2024	0.1	0	0.5	0.964702644	0.970953	47.54445897
2024	0.1	0	0.5	0.978737235	1.05437	47.72156083
2024	0.1	0	0.5	0.980437712	0.917341	48.50103846
2024	0.1	0	0.5	0.03300333	0.109984	25.10536508
2024	0.1	0	0.5	0.945725174	0.446179	41.19454702
2024	0.1	0	0.5	0.165911	0.0174232	19.71461236
2024	0.1	0	0.5	0.003065134	0.0216143	17.3707148
2024	0.1	0	0.5	0.956706901	0.749756	43.21926288
2024	0.1	0	0.5	0.965986845	0.930783	45.84707117
2024	0.1	0	0.5	0.065618542	0.0712464	21.97906415
2024	0.1	0	0.5	0.656582	0.0246229	18.8830218
2024	0.1	0	0.5	0.0706467	0.110124	25.59492332
2024	0.1	0	0.5	0.040783	0.00907578	18.72126891
2024	0.1	0	0.5	0.006999122	0.0177281	19.64279719
2024	0.1	0	0.5	0.003322258	0.0347187	20.11472064
2024	0.1	0	0.5	0.26575632	0.0416274	20.43944694
2024	0.1	0	0.5	0.3481825	0.0320914	21.70572761
2024	0.1	0	0.5	0.971195997	0.599367	43.14564163
2024	0.1	0	0.5	0.009044235	0.0682265	24.56340085
2024	0.1	0	0.5	0.46800923	0.0124553	17.80936088
2024	0.1	0	0.5	0.019516704	0.0153876	20.80323835
2024	0.1	0	0.5	0.590610197	0.0455164	21.18977046
2024	0.1	0	0.5	0.998108035	1.21368	54.76487639
2024	0.1	0	0.5	0.0377527	0.0587856	21.16845761
2024	0.1	0	0.5	0.00105597	0.0146256	19.72182984
2024	0.1	0	0.5	0.162044851	0.0193454	20.27769637
2024	0.1	0	0.5	0.00171086	0.0177271	18.42195835
2024	0.1	0	0.5	0.388520102	0.0627563	22.41839682
2024	0.1	0	0.5	0.494244514	0.0222068	20.40286613
2024	0.1	0	0.5	0.896226	0.248216	35.34509667
2024	0.1	0	0.5	0.0173702	0.0421103	23.54644254
2024	0.1	0	0.5	0.99770855	1.19817	54.07704558
2024	0.1	0	0.5	0	0.0447545	22.00730953
2024	0.1	0	0.5	0.00788178	0.017219	17.78438933
2024	0.1	0	0.5	0.125287814	0.0494779	21.3015873
2024	0.1	0	0.5	0.000858369	0.0180146	17.28280666
2024	0.1	0	0.5	0.55566	0.134786	25.32738259
2024	0.1	0	0.5	0.003393665	0.0857262	23.66818221
2024	0.1	0	0.5	0.041256128	0.0258113	18.33658086
2024	0.1	0	0.5	0.001683502	0.0202201	18.73608356
2024	0.1	0	0.5	0.00176056	0.0167969	17.81000671
2024	0.1	0	0.5	0.00267738	0.0134282	16.40725614
2024	0.1	0	0.5	0.191334185	0.0540996	22.89332684
2024	0.1	0	0.5	0.000509684	0.0315455	22.58153485
2024	0.1	0	0.5	0.046775871	0.0579144	22.05031919
2024	0.1	0	0.5	0.967878427	0.456364	40.93124695
2024	0.1	0	0.5	0.923453341	0.450263	40.35945264
2024	0.1	0	0.5	0.446046976	0.0898433	25.69101148
2024	0.1	0	0.5	0.342345466	0.0253156	17.92542671
2024	0.1	0	0.5	0.040829944	0.0232078	18.80104974
2024	0.1	0	0.5	0.996286588	1.24282	53.00991972
2024	0.1	0	0.5	0.104160477	0.0560558	23.3823425
2024	0.1	0	0.5	0.02758623	0.0117376	19.65419338
2024	0.1	0	0.5	0.008209342	0.0307095	20.1690194
2024	0.1	0	0.5	0.004826251	0.0322539	19.42137762
2024	0.1	0	0.5	0.001615509	0.0308858	20.15990056
2024	0.1	0	0.5	0.214322	0.098189	23.55332377
2024	0.1	0	0.5	0.999827262	1.18967	55.35343913
2024	0.1	0	0.5	0.05426359	0.0102828	16.70653713
2024	0.1	0	0.5	0.067511237	0.0496434	22.03007519
2024	0.1	0	0.5	0.2370953	0.0175245	19.84680912
2024	0.1	0	0.5	0.197354702	0.0881739	26.73891174
2024	0.1	0	0.5	0.760999183	0.149639	28.18025413
2024	0.1	0	0.5	0.614717926	0.0352568	22.01539339
2024	0.1	0	0.5	0.712664977	0.0905106	26.12917618
2024	0.1	0	0.5	0.887556569	0.171666	29.12864555
2024	0.1	0	0.5	0.22395797	0.0338544	20.45763275
2024	0.1	0	0.5	0.956905	0.24458	33.8310964
2024	0.1	0	0.5	0.11170171	0.00628002	17.55283296
2024	0.1	0	0.5	0.0012474	0.0399691	21.76855289
2024	0.1	0	0.5	0.01282052	0.00512755	17.85047755
2024	0.1	0	0.5	0.999666521	1.16711	54.78402602
2024	0.1	0	0.5	0.99980126	1.23109	54.86341259
2024	0.1	0	0.5	0.002534854	0.0251488	21.4064299
2024	0.1	0	0.5	0.001047668	0.0317028	22.05018978
2024	0.1	0	0.5	0.26679268	0.0439973	22.47590729
2024	0.1	0	0.5	0.096836696	0.0515666	23.85219771
2024	0.1	0	0.5	0.01315193	0.0359477	20.77144412
2024	0.1	0	0.5	0.00521669	0.0404536	20.89832207
2024	0.1	0	0.5	0.09329709	0.0377598	20.87784298
2024	0.1	0	0.5	0.875197274	0.571409	39.7459297
2024	0.1	0	0.5	0.992349593	1.24513	52.17114343
2024	0.1	0	0.5	0.912866075	0.317603	37.88133977
2024	0.1	0	0.5	0.001156961	0.0421535	20.21952043
2024	0.1	0	0.5	0.945310258	0.648718	42.04622605
2024	0.1	0	0.5	0.000874126	0.0182151	17.96056976
2024	0.1	0	0.5	0.968324813	0.611393	43.16950636
2024	0.1	0	0.5	0.12405531	0.0522474	22.63288245
2024	0.1	0	0.5	0.1150668	0.0242197	19.50263505
2024	0.1	0	0.5	0.001363017	0.0349395	20.94404957
2024	0.1	0	0.5	0.29274206	0.0200895	19.25559846
2024	0.1	0	0.5	0.03380104	0.0236992	17.71274329
2024	0.1	0	0.5	0.164355805	0.0627538	24.1327978
2024	0.1	0	0.5	0.03716812	0.0276171	18.76714934
2024	0.1	0	0.5	0.477554131	0.181954	29.39538886
2025	0.1	0	0.5	0.997029156	0.951317	49.72862195
2025	0.1	0	0.5	0.00867051	0.00597938	17.19484542
2025	0.1	0	0.5	0.698261304	0.0670705	24.10766702
2025	0.1	0	0.5	0.000449843	0.0357643	20.57039032
2025	0.1	0	0.5	0.964848281	0.537174	43.00316916
2025	0.1	0	0.5	0.457333	0.0183716	18.42469659
2025	0.1	0	0.5	0.957976546	0.339255	38.36947804
2025	0.1	0	0.5	0.001210654	0.038453	21.02913725
2025	0.1	0	0.5	0.991006628	0.634144	43.59585978
2025	0.1	0	0.5	0.033694071	0.129327	25.73101639
2025	0.1	0	0.5	0.04085255	0.035975	21.62424831
2025	0.1	0	0.5	0.047286542	0.0410571	19.64706174
2025	0.1	0	0.5	0.505075516	0.0879006	25.30336459
2025	0.1	0	0.5	0.15609104	0.0255994	18.66191086
2025	0.1	0	0.5	0.893313607	0.474077	36.98376738
2025	0.1	0	0.5	0.002885168	0.029969	18.36075701
2025	0.1	0	0.5	0.879995344	0.137762	27.13094285
2025	0.1	0	0.5	0.942709387	0.151585	29.51909226
2025	0.1	0	0.5	0.604413285	0.0767331	24.61521961
2025	0.1	0	0.5	0.011898366	0.0314212	18.5226827
2025	0.1	0	0.5	0.998093938	1.22638	52.03520608
2025	0.1	0	0.5	0.001149426	0.0285599	20.9578944
2025	0.1	0	0.5	0.002352944	0.0190487	19.22925161
2025	0.1	0	0.5	0.002773921	0.0248051	19.25259045
2025	0.1	0	0.5	0.930134539	0.70028	42.79716711
2025	0.1	0	0.5	0.0402116	0.0150923	18.43912176
2025	0.1	0	0.5	0.985047112	0.95484	49.21471198
2025	0.1	0	0.5	0.00992554	0.0126426	19.60402586
2025	0.1	0	0.5	0.00694981	0.0212311	19.95168767
2025	0.1	0	0.5	0	0.0349844	22.09265073
2025	0.1	0	0.5	0.987000892	1.08688	50.37831606
2025	0.1	0	0.5	0.02191141	0.0354261	21.82339151
2025	0.1	0	0.5	0.06078434	0.0173528	18.31475315
2025	0.1	0	0.5	0.149184	0.0213048	18.06899828
2025	0.1	0	0.5	0.092175065	0.0458411	24.32958768
2025	0.1	0	0.5	0.0304635	0.103112	24.43166972
2025	0.1	0	0.5	0.116438242	0.0361002	20.54010874
2025	0.1	0	0.5	0.186392932	0.0174603	19.80005193
2025	0.1	0	0.5	0.002534856	0.0265209	17.82089035
2025	0.1	0	0.5	0.022263429	0.0257775	19.07250368
2025	0.1	0	0.5	0.00265428	0.0245408	20.72419398
2025	0.1	0	0.5	0.285809	0.0586278	24.1860569
2025	0.1	0	0.5	0	0.0278785	17.03058017
2025	0.1	0	0.5	0.27741922	0.00177281	15.84101382
2025	0.1	0	0.5	0.021844698	0.053944	21.98783245
2025	0.1	0	0.5	0.0251153	0.0332824	19.65089162
2025	0.1	0	0.5	0	0.0201971	20.85798338
2025	0.1	0	0.5	0.0031056	0.0203419	21.57321109
2025	0.1	0	0.5	0.923877367	0.245436	33.1742198
2025	0.1	0	0.5	0.997823613	1.15134	52.08715053
2025	0.1	0	0.5	0.987757185	1.03009	48.87739106
2025	0.1	0	0.5	0.1260364	0.0304022	16.04876237
2025	0.1	0	0.5	0.00577617	0.0211934	20.64574674
2025	0.1	0	0.5	0.109545522	0.0562767	22.54637631
2025	0.1	0	0.5	0.050043376	0.0390381	20.66934789
2025	0.1	0	0.5	0.0573057	0.0525093	24.73241045
2025	0.1	0	0.5	0.00243902	0.00586268	16.85154677
2025	0.1	0	0.5	0.76783904	0.0822989	24.4287379
2025	0.1	0	0.5	0.0127055	0.0421401	20.75150623
2025	0.1	0	0.5	0.57462027	0.102869	28.13256566
2025	0.1	0	0.5	0.02101242	0.0159373	18.14328543
2025	0.1	0	0.5	0.00156006	0.0108647	18.20063118
2025	0.1	0	0.5	0.00103627	0.0155227	19.05300693
2025	0.1	0	0.5	0.375725333	0.119989	26.06523379
2025	0.1	0	0.5	0.00199402	0.0169165	18.38474026
2025	0.1	0	0.5	0.0560299	0.0294037	19.8030378
2025	0.1	0	0.5	0.05125285	0.0148988	16.27394474
2025	0.1	0	0.5	0.899405959	0.239057	33.84087893
2025	0.1	0	0.5	0.00339558	0.00938824	17.15227563
2025	0.1	0	0.5	0.002013082	0.033497	19.20400244
2025	0.1	0	0.5	0.91002872	0.052717	23.76274252
2025	0.1	0	0.5	0.00706714	0.00458037	17.26315789
2025	0.1	0	0.5	0.000843882	0.0188683	17.70934122
2025	0.1	0	0.5	0.29152567	0.00982116	16.88307545
2025	0.1	0	0.5	0.050210724	0.0465105	19.52712886
2025	0.1	0	0.5	0.664567	0.171336	30.54060289
2025	0.1	0	0.5	0.00240385	0.0062274	16.83686928
2025	0.1	0	0.5	0.999230367	1.22887	53.33777826
2025	0.1	0	0.5	0.007361262	0.0278193	18.97398728
2025	0.1	0	0.5	0.04856689	0.0182108	19.07775769
2025	0.1	0	0.5	0.30949	0.0115789	16.32047478
2025	0.1	0	0.5	0.444695852	0.107776	26.64606564
2025	0.1	0	0.5	0.00161812	0.0101429	18.60573659
2025	0.1	0	0.5	0.852948352	0.385555	36.78866673
2025	0.1	0	0.5	0.102187228	0.0372819	24.09527569
2025	0.1	0	0.5	0.002605862	0.0248321	19.15143839
2025	0.1	0	0.5	0.258459966	0.0673365	23.11185356
2025	0.1	0	0.5	0.003734824	0.0162121	17.29007495
2025	0.1	0	0.5	0.967614621	0.548817	42.57003805
2025	0.1	0	0.5	0.999558556	1.27029	52.60602503
2025	0.1	0	0.5	0.001341382	0.0225681	18.26473969
2025	0.1	0	0.5	0.33647074	0.105674	25.94063338
2025	0.1	0	0.5	0.084142361	0.0213458	17.18475429
2025	0.1	0	0.5	0.017666406	0.0386519	23.1636202
2025	0.1	0	0.5	0.218198752	0.0504686	24.09693865
2025	0.1	0	0.5	0.0416483	0.0358115	21.15930495
2025	0.1	0	0.5	0.427518	0.0861804	23.84667971
2025	0.1	0	0.5	0.018711941	0.0565911	21.0665104
2025	0.1	0	0.5	0.02622575	0.0144438	18.89754296
2025	0.1	0	0.5	0.73989438	0.0753509	22.36567204
2026	0.1	0	0.5	0.997059247	1.23414	52.80292638
2026	0.1	0	0.5	0.97214721	1.10168	47.77087833
2026	0.1	0	0.5	0.000808407	0.0185853	17.38136846
2026	0.1	0	0.5	0.00395256	0.00719138	16.30431141
2026	0.1	0	0.5	0.0034188	0.00951389	16.48525628
2026	0.1	0	0.5	0.369296032	0.0992646	26.1312375
2026	0.1	0	0.5	0.1187713	0.025204	17.93363891
2026	0.1	0	0.5	0.07138457	0.028001	18.23594142
2026	0.1	0	0.5	0.00962861	0.0337459	20.58137598
2026	0.1	0	0.5	0.004858	0.0879188	25.3665464
2026	0.1	0	0.5	0.091697104	0.0366192	20.75904068
2026	0.1	0	0.5	0.687834816	0.168237	28.02580861
2026	0.1	0	0.5	0.981643972	0.946247	46.56226864
2026	0.1	0	0.5	0.868149794	0.157562	29.58571974
2026	0.1	0	0.5	0.435026263	0.0478774	22.29073151
2026	0.1	0	0.5	0.299403894	0.0751869	26.61362417
2026	0.1	0	0.5	0.515938765	0.0561402	21.58864408
2026	0.1	0	0.5	0.000609385	0.0262856	19.89408501
2026	0.1	0	0.5	0.93032711	0.223079	37.02181839
2026	0.1	0	0.5	0.999576895	1.2668	53.09424917
2026	0.1	0	0.5	0.08896796	0.00903727	16.19614378
2026	0.1	0	0.5	0.817786857	0.222898	32.94077292
2026	0.1	0	0.5	0.00105042	0.016679	17.77815632
2026	0.1	0	0.5	0.797405781	0.431071	37.09803425
2026	0.1	0	0.5	0.459873	0.0254159	19.53527403
2026	0.1	0	0.5	0.991342561	1.24505	51.05451312
2026	0.1	0	0.5	0.172096922	0.0389809	20.16614238
2026	0.1	0	0.5	0.0097589	0.0284773	18.9133425
2026	0.1	0	0.5	0.775542442	0.120918	28.2847712
2026	0.1	0	0.5	0.0730067	0.017594	18.36515192
2026	0.1	0	0.5	0.00145138	0.0112423	17.62902982
2026	0.1	0	0.5	0	0.00630547	18.37866154
2026	0.1	0	0.5	0.00708383	0.0141626	17.43223749
2026	0.1	0	0.5	0.003165804	0.040046	22.74968967
2026	0.1	0	0.5	0.000595238	0.0280474	20.01017035
2026	0.1	0	0.5	0.939733	0.360729	34.06820143
2026	0.1	0	0.5	0.001254705	0.0484627	23.50979354
2026	0.1	0	0.5	0.0615752	0.0669473	25.19151699
2026	0.1	0	0.5	0.2902723	0.0551887	23.42218976
2026	0.1	0	0.5	0.999754627	1.27873	53.93306342
2026	0.1	0	0.5	0.000766284	0.0426685	19.33898481
2026	0.1	0	0.5	0.774081983	0.232912	32.9678836
2026	0.1	0	0.5	0.983394753	1.14555	49.11442168
2026	0.1	0	0.5	0.197628322	0.0788941	24.40674054
2026	0.1	0	0.5	0.984730066	0.68552	46.28578763
2026	0.1	0	0.5	0.00168067	0.0103686	17.77612627
2026	0.1	0	0.5	0.874917098	0.259636	33.02068633
2026	0.1	0	0.5	0.994547266	1.2676	53.22245999
2026	0.1	0	0.5	0.061836887	0.115579	25.11632221
2026	0.1	0	0.5	0.077222181	0.0443024	19.69475121
2026	0.1	0	0.5	0.007784432	0.0528404	21.30817999
2026	0.1	0	0.5	0.035442006	0.0572928	21.39320639
2026	0.1	0	0.5	0.961304838	0.816057	43.80619314
2026	0.1	0	0.5	0.059900595	0.0614577	22.49403719
2026	0.1	0	0.5	0.0157546	0.0183421	18.37036503
2026	0.1	0	0.5	0.199168693	0.0523956	21.69431762
2026	0.1	0	0.5	0.297414069	0.0188093	19.03020452
2026	0.1	0	0.5	0.00162866	0.0105899	17.3058296
2026	0.1	0	0.5	0.996455594	1.28237	52.83416646
2026	0.1	0	0.5	0.149188074	0.0347827	20.80172414
2026	0.1	0	0.5	0.882210608	0.484041	38.25886464
2026	0.1	0	0.5	0.00492611	0.0163757	18.35846761
2026	0.1	0	0.5	0.000948316	0.0360172	23.99215918
2026	0.1	0	0.5	0.00444444	0.00405534	16.67945889
2026	0.1	0	0.5	0.066535	0.0801991	22.76178952
2026	0.1	0	0.5	0.01639344	0.00232438	16.76844667
2026	0.1	0	0.5	0.0285006	0.0122705	16.24251249
2026	0.1	0	0.5	0	0.00775752	17.20481735
2026	0.1	0	0.5	0.162044	0.0221916	19.62702819
2026	0.1	0	0.5	0	0.00151034	15.92315043
2026	0.1	0	0.5	0.00117855	0.0274752	18.85289811
2026	0.1	0	0.5	0.4344432	0.0958844	23.26845845
2026	0.1	0	0.5	0.690477959	0.215414	29.39315244
2026	0.1	0	0.5	0.0097561	0.00342835	17.62835308
2026	0.1	0	0.5	0.011649799	0.0440195	20.11417573
2026	0.1	0	0.5	0.07886179	0.0183733	17.33728646
2026	0.1	0	0.5	0.513538294	0.102312	27.0169684
2026	0.1	0	0.5	0	0.00609435	17.28092409
2026	0.1	0	0.5	0.592213	0.0757921	25.01451519
2026	0.1	0	0.5	0.462830958	0.143762	26.89904475
2026	0.1	0	0.5	0.00164204	0.00935852	17.42229533
2026	0.1	0	0.5	0.004875884	0.035817	19.03489163
2026	0.1	0	0.5	0.091146893	0.0789979	22.34463763
2026	0.1	0	0.5	0.0336391	0.0108072	16.94954843
2026	0.1	0	0.5	0.997933756	1.15009	52.68890212
2026	0.1	0	0.5	0.0675676	0.0342805	19.3728936
2026	0.1	0	0.5	0.00086393	0.0363988	20.46036542
2026	0.1	0	0.5	0.0013089	0.0242286	18.08727878
2026	0.1	0	0.5	0.369993992	0.0499119	22.56155585
2026	0.1	0	0.5	0.320845659	0.0917117	25.44706121
2026	0.1	0	0.5	0.00507614	0.00662852	17.4327659
2026	0.1	0	0.5	0.022693824	0.05288	23.96295356
2026	0.1	0	0.5	0.642683414	0.0196353	19.0451963
2026	0.1	0	0.5	0.0036523	0.0203377	18.30479814
2026	0.1	0	0.5	0.00095238	0.036921	18.31486253
2026	0.1	0	0.5	0.00283286	0.0113435	17.2487418
2026	0.1	0	0.5	0	0.00545162	18.50831773
2026	0.1	0	0.5	0.030226721	0.0187631	18.92159432
2026	0.1	0	0.5	0.849314676	0.126945	28.81718452
2026	0.1	0	0.5	0.914437452	0.469784	39.91371616
2027	0.1	0	0.5	0.00228426	0.0633271	22.42816769
2027	0.1	0	0.5	0.0758054	0.0259641	20
2027	0.1	0	0.5	0.655838985	0.0213224	21.41160654
2027	0.1	0	0.5	0.00282088	0.0114716	17.95930296
2027	0.1	0	0.5	0.99053357	1.17712	49.99557837
2027	0.1	0	0.5	0.979578829	0.3162	34.37750347
2027	0.1	0	0.5	0.994676009	1.18594	50.34808564
2027	0.1	0	0.5	0.29285719	0.0356067	22.83403786
2027	0.1	0	0.5	0.94616671	0.303778	35.66818853
2027	0.1	0	0.5	0.995184698	1.15084	50.5227358
2027	0.1	0	0.5	0.02469137	0.0234629	19.00184843
2027	0.1	0	0.5	0.964117	0.19314	33.77930119
2027	0.1	0	0.5	0.008855589	0.0245089	19.76145474
2027	0.1	0	0.5	0.029236619	0.0289194	21.5897022
2027	0.1	0	0.5	0.038488021	0.0948333	24.14469453
2027	0.1	0	0.5	0.838442679	0.320209	35.00424303
2027	0.1	0	0.5	0.999999729	1.17044	55.56549934
2027	0.1	0	0.5	0.0015873	0.0088678	16.15859981
2027	0.1	0	0.5	0.223488141	0.0556973	21.06156712
2027	0.1	0	0.5	0.014902272	0.0823343	26.00236135
2027	0.1	0	0.5	0	0.033373	20.59603944
2027	0.1	0	0.5	0.968264881	0.522347	43.17041045
2027	0.1	0	0.5	0.913878426	0.346458	37.63991336
2027	0.1	0	0.5	0.990520381	1.09048	49.27072524
2027	0.1	0	0.5	0.870381898	0.0851237	25.93531031
2027	0.1	0	0.5	0.5777773	0.0556933	21.97564808
2027	0.1	0	0.5	0.002937478	0.0382352	22.79459459
2027	0.1	0	0.5	0.00189036	0.00848081	16.5480967
2027	0.1	0	0.5	0.00501254	0.0053976	17.16847373
2027	0.1	0	0.5	0.0151515	0.00763847	16.79942472
2027	0.1	0	0.5	0.003470217	0.0287488	19.37256498
2027	0.1	0	0.5	0.81175907	0.0837489	26.42525151
2027	0.1	0	0.5	0.003868472	0.0159036	19.01459082
2027	0.1	0	0.5	0.149868222	0.0304996	20.36864284
2027	0.1	0	0.5	0.997156754	1.31093	53.10789528
2027	0.1	0	0.5	0.035382826	0.0550406	25.06163651
2027	0.1	0	0.5	0.950721	0.715383	44.14525794
2027	0.1	0	0.5	0.016659144	0.0357341	19.97099768
2027	0.1	0	0.5	0.942377392	0.650469	42.28293753
2027	0.1	0	0.5	0.94728648	0.969782	46.59194465
2027	0.1	0	0.5	0.22574738	0.0554162	20.85213841
2027	0.1	0	0.5	0.000574053	0.0274862	20.68237777
2027	0.1	0	0.5	0.26633418	0.0715713	23.03211682
2027	0.1	0	0.5	0.001921229	0.0341269	19.17312346
2027	0.1	0	0.5	0	0.0120231	16.51169548
2027	0.1	0	0.5	0.0060423	0.00708209	16.4393561
2027	0.1	0	0.5	0.833800494	0.416879	36.97758496
2027	0.1	0	0.5	0.00635089	0.059709	22.27901462
2027	0.1	0	0.5	0.00914077	0.0450322	21.59088314
2027	0.1	0	0.5	0.007391767	0.0482153	22.66364324
2027	0.1	0	0.5	0.000772798	0.0217308	19.42566539
2027	0.1	0	0.5	0.996108008	1.22919	52.26152395
2027	0.1	0	0.5	0.00182149	0.00934858	17.33041199
2027	0.1	0	0.5	0.000798404	0.0423336	20.17206944
2027	0.1	0	0.5	0.996341482	1.28363	53.66698456
2027	0.1	0	0.5	0.963556788	0.585348	44.13337807
2027	0.1	0	0.5	0.989776854	0.871262	46.64230177
2027	0.1	0	0.5	0.000718907	0.0245476	17.44955822
2027	0.1	0	0.5	0.915117086	0.409809	37.96350714
2027	0.1	0	0.5	0.009002248	0.0210615	18.9495583
2027	0.1	0	0.5	0.02821313	0.015626	19.0448026
2027	0.1	0	0.5	0.003118034	0.0380678	20.76110157
2027	0.1	0	0.5	0.949872324	0.609523	42.2678943
2027	0.1	0	0.5	0.899934463	0.42668	38.99479253
2027	0.1	0	0.5	0.04680469	0.0178688	17.69342329
2027	0.1	0	0.5	0.938129614	0.552091	41.05753956
2027	0.1	0	0.5	0.057621564	0.0408045	22.52899816
2027	0.1	0	0.5	0.04868428	0.0128173	16.27602339
2027	0.1	0	0.5	0.16044969	0.0560472	22.62043638
2027	0.1	0	0.5	0.01182034	0.00663094	17.13450037
2027	0.1	0	0.5	0.0428571	0.0510419	21.23154429
2027	0.1	0	0.5	0.329600332	0.0598634	23.80860645
2027	0.1	0	0.5	0.998917912	1.23742	54.01613623
2027	0.1	0	0.5	0.011016946	0.0186814	16.77679883
2027	0.1	0	0.5	0.031256591	0.0748642	25.18994836
2027	0.1	0	0.5	0.005774782	0.0178359	18.64643515
2027	0.1	0	0.5	0.994878358	1.1838	52.47665883
2027	0.1	0	0.5	0.096565649	0.11355	26.14269085
2027	0.1	0	0.5	0.00215054	0.00766713	16.0844488
2027	0.1	0	0.5	0.793459838	0.0385102	21.65797141
2027	0.1	0	0.5	0.00390039	0.0544442	22.50487624
2027	0.1	0	0.5	0.000503525	0.0307566	22.78728468
2027	0.1	0	0.5	0.999463009	1.06856	50.56763244
2027	0.1	0	0.5	0.382453118	0.107392	24.44393121
2027	0.1	0	0.5	0.127028381	0.0747755	24.32638121
2027	0.1	0	0.5	0.00459242	0.0153799	16.30390971
2027	0.1	0	0.5	0.473016	0.121884	25.85123571
2027	0.1	0	0.5	0.04477608	0.0108913	19.01390959
2027	0.1	0	0.5	0.061198608	0.0629146	23.05541232
2027	0.1	0	0.5	0.001397298	0.0333048	21.25344937
2027	0.1	0	0.5	0.006285352	0.026101	19.74012508
2027	0.1	0	0.5	0.876822315	0.161307	26.95151475
2027	0.1	0	0.5	0.0125945	0.00659736	16.87414114
2027	0.1	0	0.5	0	0.00815838	18.30703854
2027	0.1	0	0.5	0.358599368	0.0310988	21.74477433
2027	0.1	0	0.5	0.466403136	0.0161036	18.25148319
2027	0.1	0	0.5	0.253371784	0.0334439	18.89083587
2027	0.1	0	0.5	0.99047882	1.14331	51.1752962
2027	0.1	0	0.5	0.651143232	0.0616146	23.59760658
2027	0.1	0	0.5	0	0.00678783	16.67558068
